2021/03/15-17:40:25.183099 7f2fbef11640 RocksDB version: 6.15.2
2021/03/15-17:40:25.183169 7f2fbef11640 Git sha rocksdb_build_git_sha:
2021/03/15-17:40:25.183173 7f2fbef11640 Compile date Jan  4 2021
2021/03/15-17:40:25.183273 7f2fbef11640 DB SUMMARY
2021/03/15-17:40:25.183276 7f2fbef11640 DB Session ID:  JU3NZ605EVFG2DN5U6ZG
2021/03/15-17:40:25.183340 7f2fbef11640 CURRENT file:  CURRENT
2021/03/15-17:40:25.183343 7f2fbef11640 IDENTITY file:  IDENTITY
2021/03/15-17:40:25.183351 7f2fbef11640 MANIFEST file:  MANIFEST-000048 size: 1552 Bytes
2021/03/15-17:40:25.183355 7f2fbef11640 SST files in /root/.mantis/pottery/rocksdb/ dir, Total Num: 8, files: 000030.sst 000031.sst 000032.sst 000033.sst 000034.sst 000040.sst 000041.sst 000047.sst 
2021/03/15-17:40:25.194307 7f2fbef11640 Write Ahead Log file in /root/.mantis/pottery/rocksdb: 000049.log size: 200 ; 
2021/03/15-17:40:25.194323 7f2fbef11640                         Options.error_if_exists: 0
2021/03/15-17:40:25.194326 7f2fbef11640                       Options.create_if_missing: 1
2021/03/15-17:40:25.194328 7f2fbef11640                         Options.paranoid_checks: 1
2021/03/15-17:40:25.194330 7f2fbef11640                               Options.track_and_verify_wals_in_manifest: 0
2021/03/15-17:40:25.194331 7f2fbef11640                                     Options.env: 0x7f2f5bdbc3c0
2021/03/15-17:40:25.194333 7f2fbef11640                                      Options.fs: Posix File System
2021/03/15-17:40:25.194335 7f2fbef11640                                Options.info_log: 0x7f2fb8708330
2021/03/15-17:40:25.194336 7f2fbef11640                Options.max_file_opening_threads: 16
2021/03/15-17:40:25.194338 7f2fbef11640                              Options.statistics: (nil)
2021/03/15-17:40:25.194340 7f2fbef11640                               Options.use_fsync: 0
2021/03/15-17:40:25.194341 7f2fbef11640                       Options.max_log_file_size: 0
2021/03/15-17:40:25.194342 7f2fbef11640                  Options.max_manifest_file_size: 1073741824
2021/03/15-17:40:25.194344 7f2fbef11640                   Options.log_file_time_to_roll: 0
2021/03/15-17:40:25.194345 7f2fbef11640                       Options.keep_log_file_num: 1000
2021/03/15-17:40:25.194346 7f2fbef11640                    Options.recycle_log_file_num: 0
2021/03/15-17:40:25.194348 7f2fbef11640                         Options.allow_fallocate: 1
2021/03/15-17:40:25.194350 7f2fbef11640                        Options.allow_mmap_reads: 0
2021/03/15-17:40:25.194354 7f2fbef11640                       Options.allow_mmap_writes: 0
2021/03/15-17:40:25.194355 7f2fbef11640                        Options.use_direct_reads: 0
2021/03/15-17:40:25.194356 7f2fbef11640                        Options.use_direct_io_for_flush_and_compaction: 0
2021/03/15-17:40:25.194358 7f2fbef11640          Options.create_missing_column_families: 1
2021/03/15-17:40:25.194359 7f2fbef11640                              Options.db_log_dir: 
2021/03/15-17:40:25.194361 7f2fbef11640                                 Options.wal_dir: /root/.mantis/pottery/rocksdb
2021/03/15-17:40:25.194362 7f2fbef11640                Options.table_cache_numshardbits: 6
2021/03/15-17:40:25.194364 7f2fbef11640                         Options.WAL_ttl_seconds: 0
2021/03/15-17:40:25.194365 7f2fbef11640                       Options.WAL_size_limit_MB: 0
2021/03/15-17:40:25.194367 7f2fbef11640                        Options.max_write_batch_group_size_bytes: 1048576
2021/03/15-17:40:25.194368 7f2fbef11640             Options.manifest_preallocation_size: 4194304
2021/03/15-17:40:25.194370 7f2fbef11640                     Options.is_fd_close_on_exec: 1
2021/03/15-17:40:25.194371 7f2fbef11640                   Options.advise_random_on_open: 1
2021/03/15-17:40:25.194373 7f2fbef11640                    Options.db_write_buffer_size: 0
2021/03/15-17:40:25.194374 7f2fbef11640                    Options.write_buffer_manager: 0x7f2fb8706b10
2021/03/15-17:40:25.194376 7f2fbef11640         Options.access_hint_on_compaction_start: 1
2021/03/15-17:40:25.194377 7f2fbef11640  Options.new_table_reader_for_compaction_inputs: 0
2021/03/15-17:40:25.194379 7f2fbef11640           Options.random_access_max_buffer_size: 1048576
2021/03/15-17:40:25.194415 7f2fbef11640                      Options.use_adaptive_mutex: 0
2021/03/15-17:40:25.194417 7f2fbef11640                            Options.rate_limiter: (nil)
2021/03/15-17:40:25.194422 7f2fbef11640     Options.sst_file_manager.rate_bytes_per_sec: 0
2021/03/15-17:40:25.194424 7f2fbef11640                       Options.wal_recovery_mode: 2
2021/03/15-17:40:25.194426 7f2fbef11640                  Options.enable_thread_tracking: 0
2021/03/15-17:40:25.194427 7f2fbef11640                  Options.enable_pipelined_write: 0
2021/03/15-17:40:25.194429 7f2fbef11640                  Options.unordered_write: 0
2021/03/15-17:40:25.194430 7f2fbef11640         Options.allow_concurrent_memtable_write: 1
2021/03/15-17:40:25.194432 7f2fbef11640      Options.enable_write_thread_adaptive_yield: 1
2021/03/15-17:40:25.194433 7f2fbef11640             Options.write_thread_max_yield_usec: 100
2021/03/15-17:40:25.194435 7f2fbef11640            Options.write_thread_slow_yield_usec: 3
2021/03/15-17:40:25.194437 7f2fbef11640                               Options.row_cache: None
2021/03/15-17:40:25.194438 7f2fbef11640                              Options.wal_filter: None
2021/03/15-17:40:25.194440 7f2fbef11640             Options.avoid_flush_during_recovery: 0
2021/03/15-17:40:25.194441 7f2fbef11640             Options.allow_ingest_behind: 0
2021/03/15-17:40:25.194443 7f2fbef11640             Options.preserve_deletes: 0
2021/03/15-17:40:25.194444 7f2fbef11640             Options.two_write_queues: 0
2021/03/15-17:40:25.194446 7f2fbef11640             Options.manual_wal_flush: 0
2021/03/15-17:40:25.194447 7f2fbef11640             Options.atomic_flush: 0
2021/03/15-17:40:25.194449 7f2fbef11640             Options.avoid_unnecessary_blocking_io: 0
2021/03/15-17:40:25.194450 7f2fbef11640                 Options.persist_stats_to_disk: 0
2021/03/15-17:40:25.194451 7f2fbef11640                 Options.write_dbid_to_manifest: 0
2021/03/15-17:40:25.194453 7f2fbef11640                 Options.log_readahead_size: 0
2021/03/15-17:40:25.194454 7f2fbef11640                 Options.file_checksum_gen_factory: Unknown
2021/03/15-17:40:25.194456 7f2fbef11640                 Options.best_efforts_recovery: 0
2021/03/15-17:40:25.194457 7f2fbef11640                Options.max_bgerror_resume_count: 2147483647
2021/03/15-17:40:25.194458 7f2fbef11640            Options.bgerror_resume_retry_interval: 1000000
2021/03/15-17:40:25.194460 7f2fbef11640             Options.allow_data_in_errors: 0
2021/03/15-17:40:25.194461 7f2fbef11640             Options.db_host_id: __hostname__
2021/03/15-17:40:25.194464 7f2fbef11640             Options.max_background_jobs: 1
2021/03/15-17:40:25.194466 7f2fbef11640             Options.max_background_compactions: -1
2021/03/15-17:40:25.194467 7f2fbef11640             Options.max_subcompactions: 1
2021/03/15-17:40:25.194469 7f2fbef11640             Options.avoid_flush_during_shutdown: 0
2021/03/15-17:40:25.194471 7f2fbef11640           Options.writable_file_max_buffer_size: 1048576
2021/03/15-17:40:25.194472 7f2fbef11640             Options.delayed_write_rate : 16777216
2021/03/15-17:40:25.194474 7f2fbef11640             Options.max_total_wal_size: 0
2021/03/15-17:40:25.194475 7f2fbef11640             Options.delete_obsolete_files_period_micros: 21600000000
2021/03/15-17:40:25.194477 7f2fbef11640                   Options.stats_dump_period_sec: 600
2021/03/15-17:40:25.194478 7f2fbef11640                 Options.stats_persist_period_sec: 600
2021/03/15-17:40:25.194480 7f2fbef11640                 Options.stats_history_buffer_size: 1048576
2021/03/15-17:40:25.194481 7f2fbef11640                          Options.max_open_files: 32
2021/03/15-17:40:25.194482 7f2fbef11640                          Options.bytes_per_sync: 0
2021/03/15-17:40:25.194484 7f2fbef11640                      Options.wal_bytes_per_sync: 0
2021/03/15-17:40:25.194485 7f2fbef11640                   Options.strict_bytes_per_sync: 0
2021/03/15-17:40:25.194487 7f2fbef11640       Options.compaction_readahead_size: 0
2021/03/15-17:40:25.194501 7f2fbef11640                  Options.max_background_flushes: -1
2021/03/15-17:40:25.194504 7f2fbef11640 Compression algorithms supported:
2021/03/15-17:40:25.194505 7f2fbef11640 	kZSTDNotFinalCompression supported: 1
2021/03/15-17:40:25.199585 7f2fbef11640 	kZSTD supported: 1
2021/03/15-17:40:25.199594 7f2fbef11640 	kXpressCompression supported: 0
2021/03/15-17:40:25.199596 7f2fbef11640 	kLZ4HCCompression supported: 1
2021/03/15-17:40:25.199598 7f2fbef11640 	kLZ4Compression supported: 1
2021/03/15-17:40:25.199600 7f2fbef11640 	kBZip2Compression supported: 1
2021/03/15-17:40:25.199602 7f2fbef11640 	kZlibCompression supported: 1
2021/03/15-17:40:25.199603 7f2fbef11640 	kSnappyCompression supported: 1
2021/03/15-17:40:25.199637 7f2fbef11640 Fast CRC32 supported: Not supported on x86
2021/03/15-17:40:25.199936 7f2fbef11640 [/version_set.cc:4725] Recovering from manifest file: /root/.mantis/pottery/rocksdb/MANIFEST-000048
2021/03/15-17:40:25.200241 7f2fbef11640 [/column_family.cc:597] --------------- Options for column family [default]:
2021/03/15-17:40:25.200246 7f2fbef11640               Options.comparator: leveldb.BytewiseComparator
2021/03/15-17:40:25.200249 7f2fbef11640           Options.merge_operator: None
2021/03/15-17:40:25.200250 7f2fbef11640        Options.compaction_filter: None
2021/03/15-17:40:25.200252 7f2fbef11640        Options.compaction_filter_factory: None
2021/03/15-17:40:25.200253 7f2fbef11640  Options.sst_partitioner_factory: None
2021/03/15-17:40:25.200255 7f2fbef11640         Options.memtable_factory: SkipListFactory
2021/03/15-17:40:25.200257 7f2fbef11640            Options.table_factory: BlockBasedTable
2021/03/15-17:40:25.200286 7f2fbef11640            table_factory options:   flush_block_policy_factory: FlushBlockBySizePolicyFactory (0x7f2fb87177d0)
  cache_index_and_filter_blocks: 1
  cache_index_and_filter_blocks_with_high_priority: 1
  pin_l0_filter_and_index_blocks_in_cache: 1
  pin_top_level_index_and_filter: 1
  index_type: 0
  data_block_index_type: 0
  index_shortening: 1
  data_block_hash_table_util_ratio: 0.750000
  hash_index_allow_collision: 1
  checksum: 1
  no_block_cache: 0
  block_cache: 0x7f2fb8718640
  block_cache_name: LRUCache
  block_cache_options:
    capacity : 8388608
    num_shard_bits : 4
    strict_capacity_limit : 0
    memory_allocator : None
    high_pri_pool_ratio: 0.000
  block_cache_compressed: (nil)
  persistent_cache: (nil)
  block_size: 16384
  block_size_deviation: 10
  block_restart_interval: 16
  index_block_restart_interval: 1
  metadata_block_size: 4096
  partition_filters: 0
  use_delta_encoding: 1
  filter_policy: rocksdb.BuiltinBloomFilter
  whole_key_filtering: 1
  verify_compression: 0
  read_amp_bytes_per_bit: 0
  format_version: 4
  enable_index_compression: 1
  block_align: 0
2021/03/15-17:40:25.200289 7f2fbef11640        Options.write_buffer_size: 67108864
2021/03/15-17:40:25.200290 7f2fbef11640  Options.max_write_buffer_number: 2
2021/03/15-17:40:25.200292 7f2fbef11640          Options.compression: LZ4
2021/03/15-17:40:25.200294 7f2fbef11640                  Options.bottommost_compression: ZSTD
2021/03/15-17:40:25.200296 7f2fbef11640       Options.prefix_extractor: nullptr
2021/03/15-17:40:25.200297 7f2fbef11640   Options.memtable_insert_with_hint_prefix_extractor: nullptr
2021/03/15-17:40:25.200298 7f2fbef11640             Options.num_levels: 7
2021/03/15-17:40:25.200299 7f2fbef11640        Options.min_write_buffer_number_to_merge: 1
2021/03/15-17:40:25.200301 7f2fbef11640     Options.max_write_buffer_number_to_maintain: 0
2021/03/15-17:40:25.200302 7f2fbef11640     Options.max_write_buffer_size_to_maintain: 0
2021/03/15-17:40:25.200303 7f2fbef11640            Options.bottommost_compression_opts.window_bits: -14
2021/03/15-17:40:25.200305 7f2fbef11640                  Options.bottommost_compression_opts.level: 32767
2021/03/15-17:40:25.200306 7f2fbef11640               Options.bottommost_compression_opts.strategy: 0
2021/03/15-17:40:25.200308 7f2fbef11640         Options.bottommost_compression_opts.max_dict_bytes: 0
2021/03/15-17:40:25.200344 7f2fbef11640         Options.bottommost_compression_opts.zstd_max_train_bytes: 0
2021/03/15-17:40:25.200346 7f2fbef11640         Options.bottommost_compression_opts.parallel_threads: 1
2021/03/15-17:40:25.200348 7f2fbef11640                  Options.bottommost_compression_opts.enabled: false
2021/03/15-17:40:25.200349 7f2fbef11640            Options.compression_opts.window_bits: -14
2021/03/15-17:40:25.200351 7f2fbef11640                  Options.compression_opts.level: 32767
2021/03/15-17:40:25.200352 7f2fbef11640               Options.compression_opts.strategy: 0
2021/03/15-17:40:25.200354 7f2fbef11640         Options.compression_opts.max_dict_bytes: 0
2021/03/15-17:40:25.200355 7f2fbef11640         Options.compression_opts.zstd_max_train_bytes: 0
2021/03/15-17:40:25.200357 7f2fbef11640         Options.compression_opts.parallel_threads: 1
2021/03/15-17:40:25.200358 7f2fbef11640                  Options.compression_opts.enabled: false
2021/03/15-17:40:25.200360 7f2fbef11640      Options.level0_file_num_compaction_trigger: 4
2021/03/15-17:40:25.200361 7f2fbef11640          Options.level0_slowdown_writes_trigger: 20
2021/03/15-17:40:25.200362 7f2fbef11640              Options.level0_stop_writes_trigger: 36
2021/03/15-17:40:25.200364 7f2fbef11640                   Options.target_file_size_base: 67108864
2021/03/15-17:40:25.200365 7f2fbef11640             Options.target_file_size_multiplier: 1
2021/03/15-17:40:25.200366 7f2fbef11640                Options.max_bytes_for_level_base: 268435456
2021/03/15-17:40:25.200368 7f2fbef11640 Options.level_compaction_dynamic_level_bytes: 1
2021/03/15-17:40:25.200369 7f2fbef11640          Options.max_bytes_for_level_multiplier: 10.000000
2021/03/15-17:40:25.200373 7f2fbef11640 Options.max_bytes_for_level_multiplier_addtl[0]: 1
2021/03/15-17:40:25.200374 7f2fbef11640 Options.max_bytes_for_level_multiplier_addtl[1]: 1
2021/03/15-17:40:25.200376 7f2fbef11640 Options.max_bytes_for_level_multiplier_addtl[2]: 1
2021/03/15-17:40:25.200377 7f2fbef11640 Options.max_bytes_for_level_multiplier_addtl[3]: 1
2021/03/15-17:40:25.200378 7f2fbef11640 Options.max_bytes_for_level_multiplier_addtl[4]: 1
2021/03/15-17:40:25.200380 7f2fbef11640 Options.max_bytes_for_level_multiplier_addtl[5]: 1
2021/03/15-17:40:25.200381 7f2fbef11640 Options.max_bytes_for_level_multiplier_addtl[6]: 1
2021/03/15-17:40:25.200382 7f2fbef11640       Options.max_sequential_skip_in_iterations: 8
2021/03/15-17:40:25.200383 7f2fbef11640                    Options.max_compaction_bytes: 1677721600
2021/03/15-17:40:25.200385 7f2fbef11640                        Options.arena_block_size: 8388608
2021/03/15-17:40:25.200386 7f2fbef11640   Options.soft_pending_compaction_bytes_limit: 68719476736
2021/03/15-17:40:25.200387 7f2fbef11640   Options.hard_pending_compaction_bytes_limit: 274877906944
2021/03/15-17:40:25.200389 7f2fbef11640       Options.rate_limit_delay_max_milliseconds: 100
2021/03/15-17:40:25.200390 7f2fbef11640                Options.disable_auto_compactions: 0
2021/03/15-17:40:25.200392 7f2fbef11640                        Options.compaction_style: kCompactionStyleLevel
2021/03/15-17:40:25.200394 7f2fbef11640                          Options.compaction_pri: kMinOverlappingRatio
2021/03/15-17:40:25.200396 7f2fbef11640 Options.compaction_options_universal.size_ratio: 1
2021/03/15-17:40:25.200397 7f2fbef11640 Options.compaction_options_universal.min_merge_width: 2
2021/03/15-17:40:25.200398 7f2fbef11640 Options.compaction_options_universal.max_merge_width: 4294967295
2021/03/15-17:40:25.200399 7f2fbef11640 Options.compaction_options_universal.max_size_amplification_percent: 200
2021/03/15-17:40:25.200401 7f2fbef11640 Options.compaction_options_universal.compression_size_percent: -1
2021/03/15-17:40:25.200402 7f2fbef11640 Options.compaction_options_universal.stop_style: kCompactionStopStyleTotalSize
2021/03/15-17:40:25.200404 7f2fbef11640 Options.compaction_options_fifo.max_table_files_size: 1073741824
2021/03/15-17:40:25.200405 7f2fbef11640 Options.compaction_options_fifo.allow_compaction: 0
2021/03/15-17:40:25.200426 7f2fbef11640                   Options.table_properties_collectors: 
2021/03/15-17:40:25.200429 7f2fbef11640                   Options.inplace_update_support: 0
2021/03/15-17:40:25.200431 7f2fbef11640                 Options.inplace_update_num_locks: 10000
2021/03/15-17:40:25.200432 7f2fbef11640               Options.memtable_prefix_bloom_size_ratio: 0.000000
2021/03/15-17:40:25.200435 7f2fbef11640               Options.memtable_whole_key_filtering: 0
2021/03/15-17:40:25.200436 7f2fbef11640   Options.memtable_huge_page_size: 0
2021/03/15-17:40:25.200438 7f2fbef11640                           Options.bloom_locality: 0
2021/03/15-17:40:25.200439 7f2fbef11640                    Options.max_successive_merges: 0
2021/03/15-17:40:25.200441 7f2fbef11640                Options.optimize_filters_for_hits: 0
2021/03/15-17:40:25.200442 7f2fbef11640                Options.paranoid_file_checks: 0
2021/03/15-17:40:25.200443 7f2fbef11640                Options.force_consistency_checks: 1
2021/03/15-17:40:25.200444 7f2fbef11640                Options.report_bg_io_stats: 0
2021/03/15-17:40:25.200446 7f2fbef11640                               Options.ttl: 2592000
2021/03/15-17:40:25.200447 7f2fbef11640          Options.periodic_compaction_seconds: 0
2021/03/15-17:40:25.200448 7f2fbef11640                    Options.enable_blob_files: false
2021/03/15-17:40:25.200449 7f2fbef11640                        Options.min_blob_size: 0
2021/03/15-17:40:25.200450 7f2fbef11640                       Options.blob_file_size: 268435456
2021/03/15-17:40:25.200453 7f2fbef11640                Options.blob_compression_type: NoCompression
2021/03/15-17:40:25.200454 7f2fbef11640       Options.enable_blob_garbage_collection: false
2021/03/15-17:40:25.200456 7f2fbef11640   Options.blob_garbage_collection_age_cutoff: 0.250000
2021/03/15-17:40:25.200605 7f2fbef11640 [/column_family.cc:597] --------------- Options for column family [r]:
2021/03/15-17:40:25.200610 7f2fbef11640               Options.comparator: leveldb.BytewiseComparator
2021/03/15-17:40:25.200611 7f2fbef11640           Options.merge_operator: None
2021/03/15-17:40:25.200613 7f2fbef11640        Options.compaction_filter: None
2021/03/15-17:40:25.200614 7f2fbef11640        Options.compaction_filter_factory: None
2021/03/15-17:40:25.200616 7f2fbef11640  Options.sst_partitioner_factory: None
2021/03/15-17:40:25.200617 7f2fbef11640         Options.memtable_factory: SkipListFactory
2021/03/15-17:40:25.200618 7f2fbef11640            Options.table_factory: BlockBasedTable
2021/03/15-17:40:25.200643 7f2fbef11640            table_factory options:   flush_block_policy_factory: FlushBlockBySizePolicyFactory (0x7f2fb87177d0)
  cache_index_and_filter_blocks: 1
  cache_index_and_filter_blocks_with_high_priority: 1
  pin_l0_filter_and_index_blocks_in_cache: 1
  pin_top_level_index_and_filter: 1
  index_type: 0
  data_block_index_type: 0
  index_shortening: 1
  data_block_hash_table_util_ratio: 0.750000
  hash_index_allow_collision: 1
  checksum: 1
  no_block_cache: 0
  block_cache: 0x7f2fb8718640
  block_cache_name: LRUCache
  block_cache_options:
    capacity : 8388608
    num_shard_bits : 4
    strict_capacity_limit : 0
    memory_allocator : None
    high_pri_pool_ratio: 0.000
  block_cache_compressed: (nil)
  persistent_cache: (nil)
  block_size: 16384
  block_size_deviation: 10
  block_restart_interval: 16
  index_block_restart_interval: 1
  metadata_block_size: 4096
  partition_filters: 0
  use_delta_encoding: 1
  filter_policy: rocksdb.BuiltinBloomFilter
  whole_key_filtering: 1
  verify_compression: 0
  read_amp_bytes_per_bit: 0
  format_version: 4
  enable_index_compression: 1
  block_align: 0
2021/03/15-17:40:25.200646 7f2fbef11640        Options.write_buffer_size: 67108864
2021/03/15-17:40:25.200648 7f2fbef11640  Options.max_write_buffer_number: 2
2021/03/15-17:40:25.200649 7f2fbef11640          Options.compression: LZ4
2021/03/15-17:40:25.200652 7f2fbef11640                  Options.bottommost_compression: ZSTD
2021/03/15-17:40:25.200653 7f2fbef11640       Options.prefix_extractor: nullptr
2021/03/15-17:40:25.200670 7f2fbef11640   Options.memtable_insert_with_hint_prefix_extractor: nullptr
2021/03/15-17:40:25.200672 7f2fbef11640             Options.num_levels: 7
2021/03/15-17:40:25.200673 7f2fbef11640        Options.min_write_buffer_number_to_merge: 1
2021/03/15-17:40:25.200675 7f2fbef11640     Options.max_write_buffer_number_to_maintain: 0
2021/03/15-17:40:25.200676 7f2fbef11640     Options.max_write_buffer_size_to_maintain: 0
2021/03/15-17:40:25.200678 7f2fbef11640            Options.bottommost_compression_opts.window_bits: -14
2021/03/15-17:40:25.200679 7f2fbef11640                  Options.bottommost_compression_opts.level: 32767
2021/03/15-17:40:25.200680 7f2fbef11640               Options.bottommost_compression_opts.strategy: 0
2021/03/15-17:40:25.200682 7f2fbef11640         Options.bottommost_compression_opts.max_dict_bytes: 0
2021/03/15-17:40:25.200683 7f2fbef11640         Options.bottommost_compression_opts.zstd_max_train_bytes: 0
2021/03/15-17:40:25.200685 7f2fbef11640         Options.bottommost_compression_opts.parallel_threads: 1
2021/03/15-17:40:25.200686 7f2fbef11640                  Options.bottommost_compression_opts.enabled: false
2021/03/15-17:40:25.200688 7f2fbef11640            Options.compression_opts.window_bits: -14
2021/03/15-17:40:25.200689 7f2fbef11640                  Options.compression_opts.level: 32767
2021/03/15-17:40:25.200691 7f2fbef11640               Options.compression_opts.strategy: 0
2021/03/15-17:40:25.200692 7f2fbef11640         Options.compression_opts.max_dict_bytes: 0
2021/03/15-17:40:25.200694 7f2fbef11640         Options.compression_opts.zstd_max_train_bytes: 0
2021/03/15-17:40:25.200695 7f2fbef11640         Options.compression_opts.parallel_threads: 1
2021/03/15-17:40:25.200697 7f2fbef11640                  Options.compression_opts.enabled: false
2021/03/15-17:40:25.200698 7f2fbef11640      Options.level0_file_num_compaction_trigger: 4
2021/03/15-17:40:25.200700 7f2fbef11640          Options.level0_slowdown_writes_trigger: 20
2021/03/15-17:40:25.200702 7f2fbef11640              Options.level0_stop_writes_trigger: 36
2021/03/15-17:40:25.200703 7f2fbef11640                   Options.target_file_size_base: 67108864
2021/03/15-17:40:25.200705 7f2fbef11640             Options.target_file_size_multiplier: 1
2021/03/15-17:40:25.200706 7f2fbef11640                Options.max_bytes_for_level_base: 268435456
2021/03/15-17:40:25.200708 7f2fbef11640 Options.level_compaction_dynamic_level_bytes: 1
2021/03/15-17:40:25.200709 7f2fbef11640          Options.max_bytes_for_level_multiplier: 10.000000
2021/03/15-17:40:25.200712 7f2fbef11640 Options.max_bytes_for_level_multiplier_addtl[0]: 1
2021/03/15-17:40:25.200714 7f2fbef11640 Options.max_bytes_for_level_multiplier_addtl[1]: 1
2021/03/15-17:40:25.200715 7f2fbef11640 Options.max_bytes_for_level_multiplier_addtl[2]: 1
2021/03/15-17:40:25.200717 7f2fbef11640 Options.max_bytes_for_level_multiplier_addtl[3]: 1
2021/03/15-17:40:25.200718 7f2fbef11640 Options.max_bytes_for_level_multiplier_addtl[4]: 1
2021/03/15-17:40:25.200720 7f2fbef11640 Options.max_bytes_for_level_multiplier_addtl[5]: 1
2021/03/15-17:40:25.200721 7f2fbef11640 Options.max_bytes_for_level_multiplier_addtl[6]: 1
2021/03/15-17:40:25.200723 7f2fbef11640       Options.max_sequential_skip_in_iterations: 8
2021/03/15-17:40:25.200724 7f2fbef11640                    Options.max_compaction_bytes: 1677721600
2021/03/15-17:40:25.200726 7f2fbef11640                        Options.arena_block_size: 8388608
2021/03/15-17:40:25.200727 7f2fbef11640   Options.soft_pending_compaction_bytes_limit: 68719476736
2021/03/15-17:40:25.200729 7f2fbef11640   Options.hard_pending_compaction_bytes_limit: 274877906944
2021/03/15-17:40:25.200730 7f2fbef11640       Options.rate_limit_delay_max_milliseconds: 100
2021/03/15-17:40:25.200732 7f2fbef11640                Options.disable_auto_compactions: 0
2021/03/15-17:40:25.200734 7f2fbef11640                        Options.compaction_style: kCompactionStyleLevel
2021/03/15-17:40:25.200735 7f2fbef11640                          Options.compaction_pri: kMinOverlappingRatio
2021/03/15-17:40:25.200747 7f2fbef11640 Options.compaction_options_universal.size_ratio: 1
2021/03/15-17:40:25.200749 7f2fbef11640 Options.compaction_options_universal.min_merge_width: 2
2021/03/15-17:40:25.200751 7f2fbef11640 Options.compaction_options_universal.max_merge_width: 4294967295
2021/03/15-17:40:25.200752 7f2fbef11640 Options.compaction_options_universal.max_size_amplification_percent: 200
2021/03/15-17:40:25.200754 7f2fbef11640 Options.compaction_options_universal.compression_size_percent: -1
2021/03/15-17:40:25.200756 7f2fbef11640 Options.compaction_options_universal.stop_style: kCompactionStopStyleTotalSize
2021/03/15-17:40:25.200758 7f2fbef11640 Options.compaction_options_fifo.max_table_files_size: 1073741824
2021/03/15-17:40:25.200759 7f2fbef11640 Options.compaction_options_fifo.allow_compaction: 0
2021/03/15-17:40:25.200764 7f2fbef11640                   Options.table_properties_collectors: 
2021/03/15-17:40:25.200766 7f2fbef11640                   Options.inplace_update_support: 0
2021/03/15-17:40:25.200767 7f2fbef11640                 Options.inplace_update_num_locks: 10000
2021/03/15-17:40:25.200769 7f2fbef11640               Options.memtable_prefix_bloom_size_ratio: 0.000000
2021/03/15-17:40:25.200771 7f2fbef11640               Options.memtable_whole_key_filtering: 0
2021/03/15-17:40:25.200773 7f2fbef11640   Options.memtable_huge_page_size: 0
2021/03/15-17:40:25.200774 7f2fbef11640                           Options.bloom_locality: 0
2021/03/15-17:40:25.200776 7f2fbef11640                    Options.max_successive_merges: 0
2021/03/15-17:40:25.200777 7f2fbef11640                Options.optimize_filters_for_hits: 0
2021/03/15-17:40:25.200778 7f2fbef11640                Options.paranoid_file_checks: 0
2021/03/15-17:40:25.200780 7f2fbef11640                Options.force_consistency_checks: 1
2021/03/15-17:40:25.200781 7f2fbef11640                Options.report_bg_io_stats: 0
2021/03/15-17:40:25.200782 7f2fbef11640                               Options.ttl: 2592000
2021/03/15-17:40:25.200784 7f2fbef11640          Options.periodic_compaction_seconds: 0
2021/03/15-17:40:25.200785 7f2fbef11640                    Options.enable_blob_files: false
2021/03/15-17:40:25.200786 7f2fbef11640                        Options.min_blob_size: 0
2021/03/15-17:40:25.200788 7f2fbef11640                       Options.blob_file_size: 268435456
2021/03/15-17:40:25.200790 7f2fbef11640                Options.blob_compression_type: NoCompression
2021/03/15-17:40:25.200792 7f2fbef11640       Options.enable_blob_garbage_collection: false
2021/03/15-17:40:25.200793 7f2fbef11640   Options.blob_garbage_collection_age_cutoff: 0.250000
2021/03/15-17:40:25.200852 7f2fbef11640 [/column_family.cc:597] --------------- Options for column family [h]:
2021/03/15-17:40:25.200855 7f2fbef11640               Options.comparator: leveldb.BytewiseComparator
2021/03/15-17:40:25.200857 7f2fbef11640           Options.merge_operator: None
2021/03/15-17:40:25.200858 7f2fbef11640        Options.compaction_filter: None
2021/03/15-17:40:25.200859 7f2fbef11640        Options.compaction_filter_factory: None
2021/03/15-17:40:25.200861 7f2fbef11640  Options.sst_partitioner_factory: None
2021/03/15-17:40:25.200862 7f2fbef11640         Options.memtable_factory: SkipListFactory
2021/03/15-17:40:25.200864 7f2fbef11640            Options.table_factory: BlockBasedTable
2021/03/15-17:40:25.200886 7f2fbef11640            table_factory options:   flush_block_policy_factory: FlushBlockBySizePolicyFactory (0x7f2fb87177d0)
  cache_index_and_filter_blocks: 1
  cache_index_and_filter_blocks_with_high_priority: 1
  pin_l0_filter_and_index_blocks_in_cache: 1
  pin_top_level_index_and_filter: 1
  index_type: 0
  data_block_index_type: 0
  index_shortening: 1
  data_block_hash_table_util_ratio: 0.750000
  hash_index_allow_collision: 1
  checksum: 1
  no_block_cache: 0
  block_cache: 0x7f2fb8718640
  block_cache_name: LRUCache
  block_cache_options:
    capacity : 8388608
    num_shard_bits : 4
    strict_capacity_limit : 0
    memory_allocator : None
    high_pri_pool_ratio: 0.000
  block_cache_compressed: (nil)
  persistent_cache: (nil)
  block_size: 16384
  block_size_deviation: 10
  block_restart_interval: 16
  index_block_restart_interval: 1
  metadata_block_size: 4096
  partition_filters: 0
  use_delta_encoding: 1
  filter_policy: rocksdb.BuiltinBloomFilter
  whole_key_filtering: 1
  verify_compression: 0
  read_amp_bytes_per_bit: 0
  format_version: 4
  enable_index_compression: 1
  block_align: 0
2021/03/15-17:40:25.200903 7f2fbef11640        Options.write_buffer_size: 67108864
2021/03/15-17:40:25.200905 7f2fbef11640  Options.max_write_buffer_number: 2
2021/03/15-17:40:25.200908 7f2fbef11640          Options.compression: LZ4
2021/03/15-17:40:25.200910 7f2fbef11640                  Options.bottommost_compression: ZSTD
2021/03/15-17:40:25.200911 7f2fbef11640       Options.prefix_extractor: nullptr
2021/03/15-17:40:25.200913 7f2fbef11640   Options.memtable_insert_with_hint_prefix_extractor: nullptr
2021/03/15-17:40:25.200915 7f2fbef11640             Options.num_levels: 7
2021/03/15-17:40:25.200916 7f2fbef11640        Options.min_write_buffer_number_to_merge: 1
2021/03/15-17:40:25.200918 7f2fbef11640     Options.max_write_buffer_number_to_maintain: 0
2021/03/15-17:40:25.200920 7f2fbef11640     Options.max_write_buffer_size_to_maintain: 0
2021/03/15-17:40:25.200921 7f2fbef11640            Options.bottommost_compression_opts.window_bits: -14
2021/03/15-17:40:25.200923 7f2fbef11640                  Options.bottommost_compression_opts.level: 32767
2021/03/15-17:40:25.200924 7f2fbef11640               Options.bottommost_compression_opts.strategy: 0
2021/03/15-17:40:25.200926 7f2fbef11640         Options.bottommost_compression_opts.max_dict_bytes: 0
2021/03/15-17:40:25.200927 7f2fbef11640         Options.bottommost_compression_opts.zstd_max_train_bytes: 0
2021/03/15-17:40:25.200929 7f2fbef11640         Options.bottommost_compression_opts.parallel_threads: 1
2021/03/15-17:40:25.200931 7f2fbef11640                  Options.bottommost_compression_opts.enabled: false
2021/03/15-17:40:25.200932 7f2fbef11640            Options.compression_opts.window_bits: -14
2021/03/15-17:40:25.200934 7f2fbef11640                  Options.compression_opts.level: 32767
2021/03/15-17:40:25.200935 7f2fbef11640               Options.compression_opts.strategy: 0
2021/03/15-17:40:25.200937 7f2fbef11640         Options.compression_opts.max_dict_bytes: 0
2021/03/15-17:40:25.200939 7f2fbef11640         Options.compression_opts.zstd_max_train_bytes: 0
2021/03/15-17:40:25.200940 7f2fbef11640         Options.compression_opts.parallel_threads: 1
2021/03/15-17:40:25.200942 7f2fbef11640                  Options.compression_opts.enabled: false
2021/03/15-17:40:25.200944 7f2fbef11640      Options.level0_file_num_compaction_trigger: 4
2021/03/15-17:40:25.200945 7f2fbef11640          Options.level0_slowdown_writes_trigger: 20
2021/03/15-17:40:25.200947 7f2fbef11640              Options.level0_stop_writes_trigger: 36
2021/03/15-17:40:25.200949 7f2fbef11640                   Options.target_file_size_base: 67108864
2021/03/15-17:40:25.200950 7f2fbef11640             Options.target_file_size_multiplier: 1
2021/03/15-17:40:25.200952 7f2fbef11640                Options.max_bytes_for_level_base: 268435456
2021/03/15-17:40:25.200954 7f2fbef11640 Options.level_compaction_dynamic_level_bytes: 1
2021/03/15-17:40:25.200955 7f2fbef11640          Options.max_bytes_for_level_multiplier: 10.000000
2021/03/15-17:40:25.200958 7f2fbef11640 Options.max_bytes_for_level_multiplier_addtl[0]: 1
2021/03/15-17:40:25.200960 7f2fbef11640 Options.max_bytes_for_level_multiplier_addtl[1]: 1
2021/03/15-17:40:25.200962 7f2fbef11640 Options.max_bytes_for_level_multiplier_addtl[2]: 1
2021/03/15-17:40:25.200963 7f2fbef11640 Options.max_bytes_for_level_multiplier_addtl[3]: 1
2021/03/15-17:40:25.200965 7f2fbef11640 Options.max_bytes_for_level_multiplier_addtl[4]: 1
2021/03/15-17:40:25.200966 7f2fbef11640 Options.max_bytes_for_level_multiplier_addtl[5]: 1
2021/03/15-17:40:25.200968 7f2fbef11640 Options.max_bytes_for_level_multiplier_addtl[6]: 1
2021/03/15-17:40:25.200979 7f2fbef11640       Options.max_sequential_skip_in_iterations: 8
2021/03/15-17:40:25.200981 7f2fbef11640                    Options.max_compaction_bytes: 1677721600
2021/03/15-17:40:25.200983 7f2fbef11640                        Options.arena_block_size: 8388608
2021/03/15-17:40:25.200985 7f2fbef11640   Options.soft_pending_compaction_bytes_limit: 68719476736
2021/03/15-17:40:25.200986 7f2fbef11640   Options.hard_pending_compaction_bytes_limit: 274877906944
2021/03/15-17:40:25.200988 7f2fbef11640       Options.rate_limit_delay_max_milliseconds: 100
2021/03/15-17:40:25.200990 7f2fbef11640                Options.disable_auto_compactions: 0
2021/03/15-17:40:25.200992 7f2fbef11640                        Options.compaction_style: kCompactionStyleLevel
2021/03/15-17:40:25.200993 7f2fbef11640                          Options.compaction_pri: kMinOverlappingRatio
2021/03/15-17:40:25.200995 7f2fbef11640 Options.compaction_options_universal.size_ratio: 1
2021/03/15-17:40:25.200996 7f2fbef11640 Options.compaction_options_universal.min_merge_width: 2
2021/03/15-17:40:25.200998 7f2fbef11640 Options.compaction_options_universal.max_merge_width: 4294967295
2021/03/15-17:40:25.200999 7f2fbef11640 Options.compaction_options_universal.max_size_amplification_percent: 200
2021/03/15-17:40:25.201001 7f2fbef11640 Options.compaction_options_universal.compression_size_percent: -1
2021/03/15-17:40:25.201003 7f2fbef11640 Options.compaction_options_universal.stop_style: kCompactionStopStyleTotalSize
2021/03/15-17:40:25.201005 7f2fbef11640 Options.compaction_options_fifo.max_table_files_size: 1073741824
2021/03/15-17:40:25.201006 7f2fbef11640 Options.compaction_options_fifo.allow_compaction: 0
2021/03/15-17:40:25.201011 7f2fbef11640                   Options.table_properties_collectors: 
2021/03/15-17:40:25.201013 7f2fbef11640                   Options.inplace_update_support: 0
2021/03/15-17:40:25.201014 7f2fbef11640                 Options.inplace_update_num_locks: 10000
2021/03/15-17:40:25.201016 7f2fbef11640               Options.memtable_prefix_bloom_size_ratio: 0.000000
2021/03/15-17:40:25.201018 7f2fbef11640               Options.memtable_whole_key_filtering: 0
2021/03/15-17:40:25.201019 7f2fbef11640   Options.memtable_huge_page_size: 0
2021/03/15-17:40:25.201021 7f2fbef11640                           Options.bloom_locality: 0
2021/03/15-17:40:25.201022 7f2fbef11640                    Options.max_successive_merges: 0
2021/03/15-17:40:25.201024 7f2fbef11640                Options.optimize_filters_for_hits: 0
2021/03/15-17:40:25.201025 7f2fbef11640                Options.paranoid_file_checks: 0
2021/03/15-17:40:25.201027 7f2fbef11640                Options.force_consistency_checks: 1
2021/03/15-17:40:25.201028 7f2fbef11640                Options.report_bg_io_stats: 0
2021/03/15-17:40:25.201029 7f2fbef11640                               Options.ttl: 2592000
2021/03/15-17:40:25.201031 7f2fbef11640          Options.periodic_compaction_seconds: 0
2021/03/15-17:40:25.201032 7f2fbef11640                    Options.enable_blob_files: false
2021/03/15-17:40:25.201033 7f2fbef11640                        Options.min_blob_size: 0
2021/03/15-17:40:25.201035 7f2fbef11640                       Options.blob_file_size: 268435456
2021/03/15-17:40:25.201036 7f2fbef11640                Options.blob_compression_type: NoCompression
2021/03/15-17:40:25.201038 7f2fbef11640       Options.enable_blob_garbage_collection: false
2021/03/15-17:40:25.201039 7f2fbef11640   Options.blob_garbage_collection_age_cutoff: 0.250000
2021/03/15-17:40:25.201083 7f2fbef11640 [/column_family.cc:597] --------------- Options for column family [b]:
2021/03/15-17:40:25.201086 7f2fbef11640               Options.comparator: leveldb.BytewiseComparator
2021/03/15-17:40:25.201088 7f2fbef11640           Options.merge_operator: None
2021/03/15-17:40:25.201089 7f2fbef11640        Options.compaction_filter: None
2021/03/15-17:40:25.201090 7f2fbef11640        Options.compaction_filter_factory: None
2021/03/15-17:40:25.201092 7f2fbef11640  Options.sst_partitioner_factory: None
2021/03/15-17:40:25.201106 7f2fbef11640         Options.memtable_factory: SkipListFactory
2021/03/15-17:40:25.201108 7f2fbef11640            Options.table_factory: BlockBasedTable
2021/03/15-17:40:25.201130 7f2fbef11640            table_factory options:   flush_block_policy_factory: FlushBlockBySizePolicyFactory (0x7f2fb87177d0)
  cache_index_and_filter_blocks: 1
  cache_index_and_filter_blocks_with_high_priority: 1
  pin_l0_filter_and_index_blocks_in_cache: 1
  pin_top_level_index_and_filter: 1
  index_type: 0
  data_block_index_type: 0
  index_shortening: 1
  data_block_hash_table_util_ratio: 0.750000
  hash_index_allow_collision: 1
  checksum: 1
  no_block_cache: 0
  block_cache: 0x7f2fb8718640
  block_cache_name: LRUCache
  block_cache_options:
    capacity : 8388608
    num_shard_bits : 4
    strict_capacity_limit : 0
    memory_allocator : None
    high_pri_pool_ratio: 0.000
  block_cache_compressed: (nil)
  persistent_cache: (nil)
  block_size: 16384
  block_size_deviation: 10
  block_restart_interval: 16
  index_block_restart_interval: 1
  metadata_block_size: 4096
  partition_filters: 0
  use_delta_encoding: 1
  filter_policy: rocksdb.BuiltinBloomFilter
  whole_key_filtering: 1
  verify_compression: 0
  read_amp_bytes_per_bit: 0
  format_version: 4
  enable_index_compression: 1
  block_align: 0
2021/03/15-17:40:25.201132 7f2fbef11640        Options.write_buffer_size: 67108864
2021/03/15-17:40:25.201134 7f2fbef11640  Options.max_write_buffer_number: 2
2021/03/15-17:40:25.201135 7f2fbef11640          Options.compression: LZ4
2021/03/15-17:40:25.201137 7f2fbef11640                  Options.bottommost_compression: ZSTD
2021/03/15-17:40:25.201139 7f2fbef11640       Options.prefix_extractor: nullptr
2021/03/15-17:40:25.201140 7f2fbef11640   Options.memtable_insert_with_hint_prefix_extractor: nullptr
2021/03/15-17:40:25.201141 7f2fbef11640             Options.num_levels: 7
2021/03/15-17:40:25.201143 7f2fbef11640        Options.min_write_buffer_number_to_merge: 1
2021/03/15-17:40:25.201144 7f2fbef11640     Options.max_write_buffer_number_to_maintain: 0
2021/03/15-17:40:25.201145 7f2fbef11640     Options.max_write_buffer_size_to_maintain: 0
2021/03/15-17:40:25.201147 7f2fbef11640            Options.bottommost_compression_opts.window_bits: -14
2021/03/15-17:40:25.201148 7f2fbef11640                  Options.bottommost_compression_opts.level: 32767
2021/03/15-17:40:25.201149 7f2fbef11640               Options.bottommost_compression_opts.strategy: 0
2021/03/15-17:40:25.201151 7f2fbef11640         Options.bottommost_compression_opts.max_dict_bytes: 0
2021/03/15-17:40:25.201152 7f2fbef11640         Options.bottommost_compression_opts.zstd_max_train_bytes: 0
2021/03/15-17:40:25.201153 7f2fbef11640         Options.bottommost_compression_opts.parallel_threads: 1
2021/03/15-17:40:25.201155 7f2fbef11640                  Options.bottommost_compression_opts.enabled: false
2021/03/15-17:40:25.201156 7f2fbef11640            Options.compression_opts.window_bits: -14
