2021/03/15-17:40:23.628016 7fb9ad174640 RocksDB version: 6.15.2
2021/03/15-17:40:23.628084 7fb9ad174640 Git sha rocksdb_build_git_sha:
2021/03/15-17:40:23.628088 7fb9ad174640 Compile date Jan  4 2021
2021/03/15-17:40:23.628192 7fb9ad174640 DB SUMMARY
2021/03/15-17:40:23.628195 7fb9ad174640 DB Session ID:  ID0NY4ZEQ0Q2MCXWX38E
2021/03/15-17:40:23.628261 7fb9ad174640 CURRENT file:  CURRENT
2021/03/15-17:40:23.628264 7fb9ad174640 IDENTITY file:  IDENTITY
2021/03/15-17:40:23.628272 7fb9ad174640 MANIFEST file:  MANIFEST-000048 size: 1552 Bytes
2021/03/15-17:40:23.628277 7fb9ad174640 SST files in /root/.mantis/pottery/rocksdb/ dir, Total Num: 8, files: 000030.sst 000031.sst 000032.sst 000033.sst 000034.sst 000040.sst 000041.sst 000047.sst 
2021/03/15-17:40:23.628318 7fb9ad174640 Write Ahead Log file in /root/.mantis/pottery/rocksdb: 000049.log size: 701 ; 
2021/03/15-17:40:23.628325 7fb9ad174640                         Options.error_if_exists: 0
2021/03/15-17:40:23.628327 7fb9ad174640                       Options.create_if_missing: 1
2021/03/15-17:40:23.628329 7fb9ad174640                         Options.paranoid_checks: 1
2021/03/15-17:40:23.628331 7fb9ad174640                               Options.track_and_verify_wals_in_manifest: 0
2021/03/15-17:40:23.628332 7fb9ad174640                                     Options.env: 0x7fb9521b93c0
2021/03/15-17:40:23.628334 7fb9ad174640                                      Options.fs: Posix File System
2021/03/15-17:40:23.628335 7fb9ad174640                                Options.info_log: 0x7fb9a93da130
2021/03/15-17:40:23.628336 7fb9ad174640                Options.max_file_opening_threads: 16
2021/03/15-17:40:23.628338 7fb9ad174640                              Options.statistics: (nil)
2021/03/15-17:40:23.628339 7fb9ad174640                               Options.use_fsync: 0
2021/03/15-17:40:23.628341 7fb9ad174640                       Options.max_log_file_size: 0
2021/03/15-17:40:23.628342 7fb9ad174640                  Options.max_manifest_file_size: 1073741824
2021/03/15-17:40:23.628344 7fb9ad174640                   Options.log_file_time_to_roll: 0
2021/03/15-17:40:23.628345 7fb9ad174640                       Options.keep_log_file_num: 1000
2021/03/15-17:40:23.628347 7fb9ad174640                    Options.recycle_log_file_num: 0
2021/03/15-17:40:23.628348 7fb9ad174640                         Options.allow_fallocate: 1
2021/03/15-17:40:23.628350 7fb9ad174640                        Options.allow_mmap_reads: 0
2021/03/15-17:40:23.628351 7fb9ad174640                       Options.allow_mmap_writes: 0
2021/03/15-17:40:23.628352 7fb9ad174640                        Options.use_direct_reads: 0
2021/03/15-17:40:23.628354 7fb9ad174640                        Options.use_direct_io_for_flush_and_compaction: 0
2021/03/15-17:40:23.628355 7fb9ad174640          Options.create_missing_column_families: 1
2021/03/15-17:40:23.628356 7fb9ad174640                              Options.db_log_dir: 
2021/03/15-17:40:23.628358 7fb9ad174640                                 Options.wal_dir: /root/.mantis/pottery/rocksdb
2021/03/15-17:40:23.628359 7fb9ad174640                Options.table_cache_numshardbits: 6
2021/03/15-17:40:23.628361 7fb9ad174640                         Options.WAL_ttl_seconds: 0
2021/03/15-17:40:23.628362 7fb9ad174640                       Options.WAL_size_limit_MB: 0
2021/03/15-17:40:23.628364 7fb9ad174640                        Options.max_write_batch_group_size_bytes: 1048576
2021/03/15-17:40:23.628365 7fb9ad174640             Options.manifest_preallocation_size: 4194304
2021/03/15-17:40:23.628366 7fb9ad174640                     Options.is_fd_close_on_exec: 1
2021/03/15-17:40:23.628367 7fb9ad174640                   Options.advise_random_on_open: 1
2021/03/15-17:40:23.628368 7fb9ad174640                    Options.db_write_buffer_size: 0
2021/03/15-17:40:23.628372 7fb9ad174640                    Options.write_buffer_manager: 0x7fb9a93d87f0
2021/03/15-17:40:23.628374 7fb9ad174640         Options.access_hint_on_compaction_start: 1
2021/03/15-17:40:23.628375 7fb9ad174640  Options.new_table_reader_for_compaction_inputs: 0
2021/03/15-17:40:23.628377 7fb9ad174640           Options.random_access_max_buffer_size: 1048576
2021/03/15-17:40:23.628396 7fb9ad174640                      Options.use_adaptive_mutex: 0
2021/03/15-17:40:23.628398 7fb9ad174640                            Options.rate_limiter: (nil)
2021/03/15-17:40:23.628401 7fb9ad174640     Options.sst_file_manager.rate_bytes_per_sec: 0
2021/03/15-17:40:23.628402 7fb9ad174640                       Options.wal_recovery_mode: 2
2021/03/15-17:40:23.628403 7fb9ad174640                  Options.enable_thread_tracking: 0
2021/03/15-17:40:23.628404 7fb9ad174640                  Options.enable_pipelined_write: 0
2021/03/15-17:40:23.628405 7fb9ad174640                  Options.unordered_write: 0
2021/03/15-17:40:23.628405 7fb9ad174640         Options.allow_concurrent_memtable_write: 1
2021/03/15-17:40:23.628406 7fb9ad174640      Options.enable_write_thread_adaptive_yield: 1
2021/03/15-17:40:23.628407 7fb9ad174640             Options.write_thread_max_yield_usec: 100
2021/03/15-17:40:23.628408 7fb9ad174640            Options.write_thread_slow_yield_usec: 3
2021/03/15-17:40:23.628409 7fb9ad174640                               Options.row_cache: None
2021/03/15-17:40:23.628410 7fb9ad174640                              Options.wal_filter: None
2021/03/15-17:40:23.628411 7fb9ad174640             Options.avoid_flush_during_recovery: 0
2021/03/15-17:40:23.628412 7fb9ad174640             Options.allow_ingest_behind: 0
2021/03/15-17:40:23.628412 7fb9ad174640             Options.preserve_deletes: 0
2021/03/15-17:40:23.628413 7fb9ad174640             Options.two_write_queues: 0
2021/03/15-17:40:23.628414 7fb9ad174640             Options.manual_wal_flush: 0
2021/03/15-17:40:23.628415 7fb9ad174640             Options.atomic_flush: 0
2021/03/15-17:40:23.628416 7fb9ad174640             Options.avoid_unnecessary_blocking_io: 0
2021/03/15-17:40:23.628417 7fb9ad174640                 Options.persist_stats_to_disk: 0
2021/03/15-17:40:23.628417 7fb9ad174640                 Options.write_dbid_to_manifest: 0
2021/03/15-17:40:23.628418 7fb9ad174640                 Options.log_readahead_size: 0
2021/03/15-17:40:23.628419 7fb9ad174640                 Options.file_checksum_gen_factory: Unknown
2021/03/15-17:40:23.628420 7fb9ad174640                 Options.best_efforts_recovery: 0
2021/03/15-17:40:23.628421 7fb9ad174640                Options.max_bgerror_resume_count: 2147483647
2021/03/15-17:40:23.628422 7fb9ad174640            Options.bgerror_resume_retry_interval: 1000000
2021/03/15-17:40:23.628423 7fb9ad174640             Options.allow_data_in_errors: 0
2021/03/15-17:40:23.628423 7fb9ad174640             Options.db_host_id: __hostname__
2021/03/15-17:40:23.628425 7fb9ad174640             Options.max_background_jobs: 1
2021/03/15-17:40:23.628426 7fb9ad174640             Options.max_background_compactions: -1
2021/03/15-17:40:23.628427 7fb9ad174640             Options.max_subcompactions: 1
2021/03/15-17:40:23.628428 7fb9ad174640             Options.avoid_flush_during_shutdown: 0
2021/03/15-17:40:23.628429 7fb9ad174640           Options.writable_file_max_buffer_size: 1048576
2021/03/15-17:40:23.628430 7fb9ad174640             Options.delayed_write_rate : 16777216
2021/03/15-17:40:23.628431 7fb9ad174640             Options.max_total_wal_size: 0
2021/03/15-17:40:23.628431 7fb9ad174640             Options.delete_obsolete_files_period_micros: 21600000000
2021/03/15-17:40:23.628432 7fb9ad174640                   Options.stats_dump_period_sec: 600
2021/03/15-17:40:23.628433 7fb9ad174640                 Options.stats_persist_period_sec: 600
2021/03/15-17:40:23.628434 7fb9ad174640                 Options.stats_history_buffer_size: 1048576
2021/03/15-17:40:23.628435 7fb9ad174640                          Options.max_open_files: 32
2021/03/15-17:40:23.628436 7fb9ad174640                          Options.bytes_per_sync: 0
2021/03/15-17:40:23.628437 7fb9ad174640                      Options.wal_bytes_per_sync: 0
2021/03/15-17:40:23.628437 7fb9ad174640                   Options.strict_bytes_per_sync: 0
2021/03/15-17:40:23.628438 7fb9ad174640       Options.compaction_readahead_size: 0
2021/03/15-17:40:23.628448 7fb9ad174640                  Options.max_background_flushes: -1
2021/03/15-17:40:23.628451 7fb9ad174640 Compression algorithms supported:
2021/03/15-17:40:23.628453 7fb9ad174640 	kZSTDNotFinalCompression supported: 1
2021/03/15-17:40:23.628461 7fb9ad174640 	kZSTD supported: 1
2021/03/15-17:40:23.628462 7fb9ad174640 	kXpressCompression supported: 0
2021/03/15-17:40:23.628463 7fb9ad174640 	kLZ4HCCompression supported: 1
2021/03/15-17:40:23.628464 7fb9ad174640 	kLZ4Compression supported: 1
2021/03/15-17:40:23.628465 7fb9ad174640 	kBZip2Compression supported: 1
2021/03/15-17:40:23.628466 7fb9ad174640 	kZlibCompression supported: 1
2021/03/15-17:40:23.628467 7fb9ad174640 	kSnappyCompression supported: 1
2021/03/15-17:40:23.628472 7fb9ad174640 Fast CRC32 supported: Not supported on x86
2021/03/15-17:40:23.628586 7fb9ad174640 [/version_set.cc:4725] Recovering from manifest file: /root/.mantis/pottery/rocksdb/MANIFEST-000048
2021/03/15-17:40:23.628803 7fb9ad174640 [/column_family.cc:597] --------------- Options for column family [default]:
2021/03/15-17:40:23.628807 7fb9ad174640               Options.comparator: leveldb.BytewiseComparator
2021/03/15-17:40:23.628808 7fb9ad174640           Options.merge_operator: None
2021/03/15-17:40:23.628809 7fb9ad174640        Options.compaction_filter: None
2021/03/15-17:40:23.628810 7fb9ad174640        Options.compaction_filter_factory: None
2021/03/15-17:40:23.628810 7fb9ad174640  Options.sst_partitioner_factory: None
2021/03/15-17:40:23.628811 7fb9ad174640         Options.memtable_factory: SkipListFactory
2021/03/15-17:40:23.628812 7fb9ad174640            Options.table_factory: BlockBasedTable
2021/03/15-17:40:23.628832 7fb9ad174640            table_factory options:   flush_block_policy_factory: FlushBlockBySizePolicyFactory (0x7fb9a93dd380)
  cache_index_and_filter_blocks: 1
  cache_index_and_filter_blocks_with_high_priority: 1
  pin_l0_filter_and_index_blocks_in_cache: 1
  pin_top_level_index_and_filter: 1
  index_type: 0
  data_block_index_type: 0
  index_shortening: 1
  data_block_hash_table_util_ratio: 0.750000
  hash_index_allow_collision: 1
  checksum: 1
  no_block_cache: 0
  block_cache: 0x7fb9a93ea370
  block_cache_name: LRUCache
  block_cache_options:
    capacity : 8388608
    num_shard_bits : 4
    strict_capacity_limit : 0
    memory_allocator : None
    high_pri_pool_ratio: 0.000
  block_cache_compressed: (nil)
  persistent_cache: (nil)
  block_size: 16384
  block_size_deviation: 10
  block_restart_interval: 16
  index_block_restart_interval: 1
  metadata_block_size: 4096
  partition_filters: 0
  use_delta_encoding: 1
  filter_policy: rocksdb.BuiltinBloomFilter
  whole_key_filtering: 1
  verify_compression: 0
  read_amp_bytes_per_bit: 0
  format_version: 4
  enable_index_compression: 1
  block_align: 0
2021/03/15-17:40:23.628833 7fb9ad174640        Options.write_buffer_size: 67108864
2021/03/15-17:40:23.628834 7fb9ad174640  Options.max_write_buffer_number: 2
2021/03/15-17:40:23.628836 7fb9ad174640          Options.compression: LZ4
2021/03/15-17:40:23.628837 7fb9ad174640                  Options.bottommost_compression: ZSTD
2021/03/15-17:40:23.628838 7fb9ad174640       Options.prefix_extractor: nullptr
2021/03/15-17:40:23.628838 7fb9ad174640   Options.memtable_insert_with_hint_prefix_extractor: nullptr
2021/03/15-17:40:23.628839 7fb9ad174640             Options.num_levels: 7
2021/03/15-17:40:23.628840 7fb9ad174640        Options.min_write_buffer_number_to_merge: 1
2021/03/15-17:40:23.628841 7fb9ad174640     Options.max_write_buffer_number_to_maintain: 0
2021/03/15-17:40:23.628842 7fb9ad174640     Options.max_write_buffer_size_to_maintain: 0
2021/03/15-17:40:23.628843 7fb9ad174640            Options.bottommost_compression_opts.window_bits: -14
2021/03/15-17:40:23.628844 7fb9ad174640                  Options.bottommost_compression_opts.level: 32767
2021/03/15-17:40:23.628844 7fb9ad174640               Options.bottommost_compression_opts.strategy: 0
2021/03/15-17:40:23.628845 7fb9ad174640         Options.bottommost_compression_opts.max_dict_bytes: 0
2021/03/15-17:40:23.628863 7fb9ad174640         Options.bottommost_compression_opts.zstd_max_train_bytes: 0
2021/03/15-17:40:23.628864 7fb9ad174640         Options.bottommost_compression_opts.parallel_threads: 1
2021/03/15-17:40:23.628865 7fb9ad174640                  Options.bottommost_compression_opts.enabled: false
2021/03/15-17:40:23.628866 7fb9ad174640            Options.compression_opts.window_bits: -14
2021/03/15-17:40:23.628867 7fb9ad174640                  Options.compression_opts.level: 32767
2021/03/15-17:40:23.628868 7fb9ad174640               Options.compression_opts.strategy: 0
2021/03/15-17:40:23.628868 7fb9ad174640         Options.compression_opts.max_dict_bytes: 0
2021/03/15-17:40:23.628869 7fb9ad174640         Options.compression_opts.zstd_max_train_bytes: 0
2021/03/15-17:40:23.628870 7fb9ad174640         Options.compression_opts.parallel_threads: 1
2021/03/15-17:40:23.628871 7fb9ad174640                  Options.compression_opts.enabled: false
2021/03/15-17:40:23.628872 7fb9ad174640      Options.level0_file_num_compaction_trigger: 4
2021/03/15-17:40:23.628873 7fb9ad174640          Options.level0_slowdown_writes_trigger: 20
2021/03/15-17:40:23.628874 7fb9ad174640              Options.level0_stop_writes_trigger: 36
2021/03/15-17:40:23.628874 7fb9ad174640                   Options.target_file_size_base: 67108864
2021/03/15-17:40:23.628875 7fb9ad174640             Options.target_file_size_multiplier: 1
2021/03/15-17:40:23.628876 7fb9ad174640                Options.max_bytes_for_level_base: 268435456
2021/03/15-17:40:23.628877 7fb9ad174640 Options.level_compaction_dynamic_level_bytes: 1
2021/03/15-17:40:23.628878 7fb9ad174640          Options.max_bytes_for_level_multiplier: 10.000000
2021/03/15-17:40:23.628880 7fb9ad174640 Options.max_bytes_for_level_multiplier_addtl[0]: 1
2021/03/15-17:40:23.628881 7fb9ad174640 Options.max_bytes_for_level_multiplier_addtl[1]: 1
2021/03/15-17:40:23.628882 7fb9ad174640 Options.max_bytes_for_level_multiplier_addtl[2]: 1
2021/03/15-17:40:23.628883 7fb9ad174640 Options.max_bytes_for_level_multiplier_addtl[3]: 1
2021/03/15-17:40:23.628884 7fb9ad174640 Options.max_bytes_for_level_multiplier_addtl[4]: 1
2021/03/15-17:40:23.628885 7fb9ad174640 Options.max_bytes_for_level_multiplier_addtl[5]: 1
2021/03/15-17:40:23.628886 7fb9ad174640 Options.max_bytes_for_level_multiplier_addtl[6]: 1
2021/03/15-17:40:23.628886 7fb9ad174640       Options.max_sequential_skip_in_iterations: 8
2021/03/15-17:40:23.628887 7fb9ad174640                    Options.max_compaction_bytes: 1677721600
2021/03/15-17:40:23.628888 7fb9ad174640                        Options.arena_block_size: 8388608
2021/03/15-17:40:23.628889 7fb9ad174640   Options.soft_pending_compaction_bytes_limit: 68719476736
2021/03/15-17:40:23.628890 7fb9ad174640   Options.hard_pending_compaction_bytes_limit: 274877906944
2021/03/15-17:40:23.628891 7fb9ad174640       Options.rate_limit_delay_max_milliseconds: 100
2021/03/15-17:40:23.628892 7fb9ad174640                Options.disable_auto_compactions: 0
2021/03/15-17:40:23.628893 7fb9ad174640                        Options.compaction_style: kCompactionStyleLevel
2021/03/15-17:40:23.628894 7fb9ad174640                          Options.compaction_pri: kMinOverlappingRatio
2021/03/15-17:40:23.628895 7fb9ad174640 Options.compaction_options_universal.size_ratio: 1
2021/03/15-17:40:23.628896 7fb9ad174640 Options.compaction_options_universal.min_merge_width: 2
2021/03/15-17:40:23.628896 7fb9ad174640 Options.compaction_options_universal.max_merge_width: 4294967295
2021/03/15-17:40:23.628897 7fb9ad174640 Options.compaction_options_universal.max_size_amplification_percent: 200
2021/03/15-17:40:23.628898 7fb9ad174640 Options.compaction_options_universal.compression_size_percent: -1
2021/03/15-17:40:23.628899 7fb9ad174640 Options.compaction_options_universal.stop_style: kCompactionStopStyleTotalSize
2021/03/15-17:40:23.628900 7fb9ad174640 Options.compaction_options_fifo.max_table_files_size: 1073741824
2021/03/15-17:40:23.628901 7fb9ad174640 Options.compaction_options_fifo.allow_compaction: 0
2021/03/15-17:40:23.628919 7fb9ad174640                   Options.table_properties_collectors: 
2021/03/15-17:40:23.628922 7fb9ad174640                   Options.inplace_update_support: 0
2021/03/15-17:40:23.628923 7fb9ad174640                 Options.inplace_update_num_locks: 10000
2021/03/15-17:40:23.628924 7fb9ad174640               Options.memtable_prefix_bloom_size_ratio: 0.000000
2021/03/15-17:40:23.628926 7fb9ad174640               Options.memtable_whole_key_filtering: 0
2021/03/15-17:40:23.628928 7fb9ad174640   Options.memtable_huge_page_size: 0
2021/03/15-17:40:23.628929 7fb9ad174640                           Options.bloom_locality: 0
2021/03/15-17:40:23.628931 7fb9ad174640                    Options.max_successive_merges: 0
2021/03/15-17:40:23.628933 7fb9ad174640                Options.optimize_filters_for_hits: 0
2021/03/15-17:40:23.628934 7fb9ad174640                Options.paranoid_file_checks: 0
2021/03/15-17:40:23.628935 7fb9ad174640                Options.force_consistency_checks: 1
2021/03/15-17:40:23.628937 7fb9ad174640                Options.report_bg_io_stats: 0
2021/03/15-17:40:23.628938 7fb9ad174640                               Options.ttl: 2592000
2021/03/15-17:40:23.628939 7fb9ad174640          Options.periodic_compaction_seconds: 0
2021/03/15-17:40:23.628939 7fb9ad174640                    Options.enable_blob_files: false
2021/03/15-17:40:23.628940 7fb9ad174640                        Options.min_blob_size: 0
2021/03/15-17:40:23.628941 7fb9ad174640                       Options.blob_file_size: 268435456
2021/03/15-17:40:23.628943 7fb9ad174640                Options.blob_compression_type: NoCompression
2021/03/15-17:40:23.628944 7fb9ad174640       Options.enable_blob_garbage_collection: false
2021/03/15-17:40:23.628944 7fb9ad174640   Options.blob_garbage_collection_age_cutoff: 0.250000
2021/03/15-17:40:23.629048 7fb9ad174640 [/column_family.cc:597] --------------- Options for column family [r]:
2021/03/15-17:40:23.629051 7fb9ad174640               Options.comparator: leveldb.BytewiseComparator
2021/03/15-17:40:23.629052 7fb9ad174640           Options.merge_operator: None
2021/03/15-17:40:23.629053 7fb9ad174640        Options.compaction_filter: None
2021/03/15-17:40:23.629053 7fb9ad174640        Options.compaction_filter_factory: None
2021/03/15-17:40:23.629054 7fb9ad174640  Options.sst_partitioner_factory: None
2021/03/15-17:40:23.629055 7fb9ad174640         Options.memtable_factory: SkipListFactory
2021/03/15-17:40:23.629056 7fb9ad174640            Options.table_factory: BlockBasedTable
2021/03/15-17:40:23.629070 7fb9ad174640            table_factory options:   flush_block_policy_factory: FlushBlockBySizePolicyFactory (0x7fb9a93dd380)
  cache_index_and_filter_blocks: 1
  cache_index_and_filter_blocks_with_high_priority: 1
  pin_l0_filter_and_index_blocks_in_cache: 1
  pin_top_level_index_and_filter: 1
  index_type: 0
  data_block_index_type: 0
  index_shortening: 1
  data_block_hash_table_util_ratio: 0.750000
  hash_index_allow_collision: 1
  checksum: 1
  no_block_cache: 0
  block_cache: 0x7fb9a93ea370
  block_cache_name: LRUCache
  block_cache_options:
    capacity : 8388608
    num_shard_bits : 4
    strict_capacity_limit : 0
    memory_allocator : None
    high_pri_pool_ratio: 0.000
  block_cache_compressed: (nil)
  persistent_cache: (nil)
  block_size: 16384
  block_size_deviation: 10
  block_restart_interval: 16
  index_block_restart_interval: 1
  metadata_block_size: 4096
  partition_filters: 0
  use_delta_encoding: 1
  filter_policy: rocksdb.BuiltinBloomFilter
  whole_key_filtering: 1
  verify_compression: 0
  read_amp_bytes_per_bit: 0
  format_version: 4
  enable_index_compression: 1
  block_align: 0
2021/03/15-17:40:23.629071 7fb9ad174640        Options.write_buffer_size: 67108864
2021/03/15-17:40:23.629072 7fb9ad174640  Options.max_write_buffer_number: 2
2021/03/15-17:40:23.629073 7fb9ad174640          Options.compression: LZ4
2021/03/15-17:40:23.629074 7fb9ad174640                  Options.bottommost_compression: ZSTD
2021/03/15-17:40:23.629075 7fb9ad174640       Options.prefix_extractor: nullptr
2021/03/15-17:40:23.629086 7fb9ad174640   Options.memtable_insert_with_hint_prefix_extractor: nullptr
2021/03/15-17:40:23.629087 7fb9ad174640             Options.num_levels: 7
2021/03/15-17:40:23.629088 7fb9ad174640        Options.min_write_buffer_number_to_merge: 1
2021/03/15-17:40:23.629089 7fb9ad174640     Options.max_write_buffer_number_to_maintain: 0
2021/03/15-17:40:23.629090 7fb9ad174640     Options.max_write_buffer_size_to_maintain: 0
2021/03/15-17:40:23.629091 7fb9ad174640            Options.bottommost_compression_opts.window_bits: -14
2021/03/15-17:40:23.629092 7fb9ad174640                  Options.bottommost_compression_opts.level: 32767
2021/03/15-17:40:23.629093 7fb9ad174640               Options.bottommost_compression_opts.strategy: 0
2021/03/15-17:40:23.629093 7fb9ad174640         Options.bottommost_compression_opts.max_dict_bytes: 0
2021/03/15-17:40:23.629094 7fb9ad174640         Options.bottommost_compression_opts.zstd_max_train_bytes: 0
2021/03/15-17:40:23.629095 7fb9ad174640         Options.bottommost_compression_opts.parallel_threads: 1
2021/03/15-17:40:23.629096 7fb9ad174640                  Options.bottommost_compression_opts.enabled: false
2021/03/15-17:40:23.629097 7fb9ad174640            Options.compression_opts.window_bits: -14
2021/03/15-17:40:23.629098 7fb9ad174640                  Options.compression_opts.level: 32767
2021/03/15-17:40:23.629098 7fb9ad174640               Options.compression_opts.strategy: 0
2021/03/15-17:40:23.629099 7fb9ad174640         Options.compression_opts.max_dict_bytes: 0
2021/03/15-17:40:23.629100 7fb9ad174640         Options.compression_opts.zstd_max_train_bytes: 0
2021/03/15-17:40:23.629101 7fb9ad174640         Options.compression_opts.parallel_threads: 1
2021/03/15-17:40:23.629102 7fb9ad174640                  Options.compression_opts.enabled: false
2021/03/15-17:40:23.629103 7fb9ad174640      Options.level0_file_num_compaction_trigger: 4
2021/03/15-17:40:23.629103 7fb9ad174640          Options.level0_slowdown_writes_trigger: 20
2021/03/15-17:40:23.629104 7fb9ad174640              Options.level0_stop_writes_trigger: 36
2021/03/15-17:40:23.629105 7fb9ad174640                   Options.target_file_size_base: 67108864
2021/03/15-17:40:23.629106 7fb9ad174640             Options.target_file_size_multiplier: 1
2021/03/15-17:40:23.629107 7fb9ad174640                Options.max_bytes_for_level_base: 268435456
2021/03/15-17:40:23.629108 7fb9ad174640 Options.level_compaction_dynamic_level_bytes: 1
2021/03/15-17:40:23.629108 7fb9ad174640          Options.max_bytes_for_level_multiplier: 10.000000
2021/03/15-17:40:23.629110 7fb9ad174640 Options.max_bytes_for_level_multiplier_addtl[0]: 1
2021/03/15-17:40:23.629111 7fb9ad174640 Options.max_bytes_for_level_multiplier_addtl[1]: 1
2021/03/15-17:40:23.629112 7fb9ad174640 Options.max_bytes_for_level_multiplier_addtl[2]: 1
2021/03/15-17:40:23.629113 7fb9ad174640 Options.max_bytes_for_level_multiplier_addtl[3]: 1
2021/03/15-17:40:23.629114 7fb9ad174640 Options.max_bytes_for_level_multiplier_addtl[4]: 1
2021/03/15-17:40:23.629115 7fb9ad174640 Options.max_bytes_for_level_multiplier_addtl[5]: 1
2021/03/15-17:40:23.629116 7fb9ad174640 Options.max_bytes_for_level_multiplier_addtl[6]: 1
2021/03/15-17:40:23.629117 7fb9ad174640       Options.max_sequential_skip_in_iterations: 8
2021/03/15-17:40:23.629117 7fb9ad174640                    Options.max_compaction_bytes: 1677721600
2021/03/15-17:40:23.629118 7fb9ad174640                        Options.arena_block_size: 8388608
2021/03/15-17:40:23.629119 7fb9ad174640   Options.soft_pending_compaction_bytes_limit: 68719476736
2021/03/15-17:40:23.629120 7fb9ad174640   Options.hard_pending_compaction_bytes_limit: 274877906944
2021/03/15-17:40:23.629121 7fb9ad174640       Options.rate_limit_delay_max_milliseconds: 100
2021/03/15-17:40:23.629122 7fb9ad174640                Options.disable_auto_compactions: 0
2021/03/15-17:40:23.629123 7fb9ad174640                        Options.compaction_style: kCompactionStyleLevel
2021/03/15-17:40:23.629124 7fb9ad174640                          Options.compaction_pri: kMinOverlappingRatio
2021/03/15-17:40:23.629130 7fb9ad174640 Options.compaction_options_universal.size_ratio: 1
2021/03/15-17:40:23.629131 7fb9ad174640 Options.compaction_options_universal.min_merge_width: 2
2021/03/15-17:40:23.629132 7fb9ad174640 Options.compaction_options_universal.max_merge_width: 4294967295
2021/03/15-17:40:23.629133 7fb9ad174640 Options.compaction_options_universal.max_size_amplification_percent: 200
2021/03/15-17:40:23.629134 7fb9ad174640 Options.compaction_options_universal.compression_size_percent: -1
2021/03/15-17:40:23.629135 7fb9ad174640 Options.compaction_options_universal.stop_style: kCompactionStopStyleTotalSize
2021/03/15-17:40:23.629136 7fb9ad174640 Options.compaction_options_fifo.max_table_files_size: 1073741824
2021/03/15-17:40:23.629137 7fb9ad174640 Options.compaction_options_fifo.allow_compaction: 0
2021/03/15-17:40:23.629140 7fb9ad174640                   Options.table_properties_collectors: 
2021/03/15-17:40:23.629141 7fb9ad174640                   Options.inplace_update_support: 0
2021/03/15-17:40:23.629142 7fb9ad174640                 Options.inplace_update_num_locks: 10000
2021/03/15-17:40:23.629142 7fb9ad174640               Options.memtable_prefix_bloom_size_ratio: 0.000000
2021/03/15-17:40:23.629145 7fb9ad174640               Options.memtable_whole_key_filtering: 0
2021/03/15-17:40:23.629148 7fb9ad174640   Options.memtable_huge_page_size: 0
2021/03/15-17:40:23.629150 7fb9ad174640                           Options.bloom_locality: 0
2021/03/15-17:40:23.629151 7fb9ad174640                    Options.max_successive_merges: 0
2021/03/15-17:40:23.629152 7fb9ad174640                Options.optimize_filters_for_hits: 0
2021/03/15-17:40:23.629154 7fb9ad174640                Options.paranoid_file_checks: 0
2021/03/15-17:40:23.629155 7fb9ad174640                Options.force_consistency_checks: 1
2021/03/15-17:40:23.629156 7fb9ad174640                Options.report_bg_io_stats: 0
2021/03/15-17:40:23.629158 7fb9ad174640                               Options.ttl: 2592000
2021/03/15-17:40:23.629159 7fb9ad174640          Options.periodic_compaction_seconds: 0
2021/03/15-17:40:23.629160 7fb9ad174640                    Options.enable_blob_files: false
2021/03/15-17:40:23.629162 7fb9ad174640                        Options.min_blob_size: 0
2021/03/15-17:40:23.629164 7fb9ad174640                       Options.blob_file_size: 268435456
2021/03/15-17:40:23.629165 7fb9ad174640                Options.blob_compression_type: NoCompression
2021/03/15-17:40:23.629167 7fb9ad174640       Options.enable_blob_garbage_collection: false
2021/03/15-17:40:23.629167 7fb9ad174640   Options.blob_garbage_collection_age_cutoff: 0.250000
2021/03/15-17:40:23.629210 7fb9ad174640 [/column_family.cc:597] --------------- Options for column family [h]:
2021/03/15-17:40:23.629212 7fb9ad174640               Options.comparator: leveldb.BytewiseComparator
2021/03/15-17:40:23.629213 7fb9ad174640           Options.merge_operator: None
2021/03/15-17:40:23.629214 7fb9ad174640        Options.compaction_filter: None
2021/03/15-17:40:23.629215 7fb9ad174640        Options.compaction_filter_factory: None
2021/03/15-17:40:23.629216 7fb9ad174640  Options.sst_partitioner_factory: None
2021/03/15-17:40:23.629217 7fb9ad174640         Options.memtable_factory: SkipListFactory
2021/03/15-17:40:23.629217 7fb9ad174640            Options.table_factory: BlockBasedTable
2021/03/15-17:40:23.629231 7fb9ad174640            table_factory options:   flush_block_policy_factory: FlushBlockBySizePolicyFactory (0x7fb9a93dd380)
  cache_index_and_filter_blocks: 1
  cache_index_and_filter_blocks_with_high_priority: 1
  pin_l0_filter_and_index_blocks_in_cache: 1
  pin_top_level_index_and_filter: 1
  index_type: 0
  data_block_index_type: 0
  index_shortening: 1
  data_block_hash_table_util_ratio: 0.750000
  hash_index_allow_collision: 1
  checksum: 1
  no_block_cache: 0
  block_cache: 0x7fb9a93ea370
  block_cache_name: LRUCache
  block_cache_options:
    capacity : 8388608
    num_shard_bits : 4
    strict_capacity_limit : 0
    memory_allocator : None
    high_pri_pool_ratio: 0.000
  block_cache_compressed: (nil)
  persistent_cache: (nil)
  block_size: 16384
  block_size_deviation: 10
  block_restart_interval: 16
  index_block_restart_interval: 1
  metadata_block_size: 4096
  partition_filters: 0
  use_delta_encoding: 1
  filter_policy: rocksdb.BuiltinBloomFilter
  whole_key_filtering: 1
  verify_compression: 0
  read_amp_bytes_per_bit: 0
  format_version: 4
  enable_index_compression: 1
  block_align: 0
2021/03/15-17:40:23.629243 7fb9ad174640        Options.write_buffer_size: 67108864
2021/03/15-17:40:23.629244 7fb9ad174640  Options.max_write_buffer_number: 2
2021/03/15-17:40:23.629246 7fb9ad174640          Options.compression: LZ4
2021/03/15-17:40:23.629247 7fb9ad174640                  Options.bottommost_compression: ZSTD
2021/03/15-17:40:23.629248 7fb9ad174640       Options.prefix_extractor: nullptr
2021/03/15-17:40:23.629248 7fb9ad174640   Options.memtable_insert_with_hint_prefix_extractor: nullptr
2021/03/15-17:40:23.629249 7fb9ad174640             Options.num_levels: 7
2021/03/15-17:40:23.629250 7fb9ad174640        Options.min_write_buffer_number_to_merge: 1
2021/03/15-17:40:23.629251 7fb9ad174640     Options.max_write_buffer_number_to_maintain: 0
2021/03/15-17:40:23.629252 7fb9ad174640     Options.max_write_buffer_size_to_maintain: 0
2021/03/15-17:40:23.629253 7fb9ad174640            Options.bottommost_compression_opts.window_bits: -14
2021/03/15-17:40:23.629253 7fb9ad174640                  Options.bottommost_compression_opts.level: 32767
2021/03/15-17:40:23.629254 7fb9ad174640               Options.bottommost_compression_opts.strategy: 0
2021/03/15-17:40:23.629255 7fb9ad174640         Options.bottommost_compression_opts.max_dict_bytes: 0
2021/03/15-17:40:23.629256 7fb9ad174640         Options.bottommost_compression_opts.zstd_max_train_bytes: 0
2021/03/15-17:40:23.629257 7fb9ad174640         Options.bottommost_compression_opts.parallel_threads: 1
2021/03/15-17:40:23.629258 7fb9ad174640                  Options.bottommost_compression_opts.enabled: false
2021/03/15-17:40:23.629259 7fb9ad174640            Options.compression_opts.window_bits: -14
2021/03/15-17:40:23.629259 7fb9ad174640                  Options.compression_opts.level: 32767
2021/03/15-17:40:23.629260 7fb9ad174640               Options.compression_opts.strategy: 0
2021/03/15-17:40:23.629261 7fb9ad174640         Options.compression_opts.max_dict_bytes: 0
2021/03/15-17:40:23.629262 7fb9ad174640         Options.compression_opts.zstd_max_train_bytes: 0
2021/03/15-17:40:23.629263 7fb9ad174640         Options.compression_opts.parallel_threads: 1
2021/03/15-17:40:23.629263 7fb9ad174640                  Options.compression_opts.enabled: false
2021/03/15-17:40:23.629264 7fb9ad174640      Options.level0_file_num_compaction_trigger: 4
2021/03/15-17:40:23.629265 7fb9ad174640          Options.level0_slowdown_writes_trigger: 20
2021/03/15-17:40:23.629266 7fb9ad174640              Options.level0_stop_writes_trigger: 36
2021/03/15-17:40:23.629267 7fb9ad174640                   Options.target_file_size_base: 67108864
2021/03/15-17:40:23.629268 7fb9ad174640             Options.target_file_size_multiplier: 1
2021/03/15-17:40:23.629269 7fb9ad174640                Options.max_bytes_for_level_base: 268435456
2021/03/15-17:40:23.629269 7fb9ad174640 Options.level_compaction_dynamic_level_bytes: 1
2021/03/15-17:40:23.629270 7fb9ad174640          Options.max_bytes_for_level_multiplier: 10.000000
2021/03/15-17:40:23.629272 7fb9ad174640 Options.max_bytes_for_level_multiplier_addtl[0]: 1
2021/03/15-17:40:23.629273 7fb9ad174640 Options.max_bytes_for_level_multiplier_addtl[1]: 1
2021/03/15-17:40:23.629274 7fb9ad174640 Options.max_bytes_for_level_multiplier_addtl[2]: 1
2021/03/15-17:40:23.629275 7fb9ad174640 Options.max_bytes_for_level_multiplier_addtl[3]: 1
2021/03/15-17:40:23.629276 7fb9ad174640 Options.max_bytes_for_level_multiplier_addtl[4]: 1
2021/03/15-17:40:23.629276 7fb9ad174640 Options.max_bytes_for_level_multiplier_addtl[5]: 1
2021/03/15-17:40:23.629277 7fb9ad174640 Options.max_bytes_for_level_multiplier_addtl[6]: 1
2021/03/15-17:40:23.629284 7fb9ad174640       Options.max_sequential_skip_in_iterations: 8
2021/03/15-17:40:23.629285 7fb9ad174640                    Options.max_compaction_bytes: 1677721600
2021/03/15-17:40:23.629286 7fb9ad174640                        Options.arena_block_size: 8388608
2021/03/15-17:40:23.629287 7fb9ad174640   Options.soft_pending_compaction_bytes_limit: 68719476736
2021/03/15-17:40:23.629288 7fb9ad174640   Options.hard_pending_compaction_bytes_limit: 274877906944
2021/03/15-17:40:23.629289 7fb9ad174640       Options.rate_limit_delay_max_milliseconds: 100
2021/03/15-17:40:23.629289 7fb9ad174640                Options.disable_auto_compactions: 0
2021/03/15-17:40:23.629290 7fb9ad174640                        Options.compaction_style: kCompactionStyleLevel
2021/03/15-17:40:23.629291 7fb9ad174640                          Options.compaction_pri: kMinOverlappingRatio
2021/03/15-17:40:23.629292 7fb9ad174640 Options.compaction_options_universal.size_ratio: 1
2021/03/15-17:40:23.629293 7fb9ad174640 Options.compaction_options_universal.min_merge_width: 2
2021/03/15-17:40:23.629294 7fb9ad174640 Options.compaction_options_universal.max_merge_width: 4294967295
2021/03/15-17:40:23.629295 7fb9ad174640 Options.compaction_options_universal.max_size_amplification_percent: 200
2021/03/15-17:40:23.629296 7fb9ad174640 Options.compaction_options_universal.compression_size_percent: -1
2021/03/15-17:40:23.629297 7fb9ad174640 Options.compaction_options_universal.stop_style: kCompactionStopStyleTotalSize
2021/03/15-17:40:23.629297 7fb9ad174640 Options.compaction_options_fifo.max_table_files_size: 1073741824
2021/03/15-17:40:23.629298 7fb9ad174640 Options.compaction_options_fifo.allow_compaction: 0
2021/03/15-17:40:23.629301 7fb9ad174640                   Options.table_properties_collectors: 
2021/03/15-17:40:23.629302 7fb9ad174640                   Options.inplace_update_support: 0
2021/03/15-17:40:23.629302 7fb9ad174640                 Options.inplace_update_num_locks: 10000
2021/03/15-17:40:23.629303 7fb9ad174640               Options.memtable_prefix_bloom_size_ratio: 0.000000
2021/03/15-17:40:23.629305 7fb9ad174640               Options.memtable_whole_key_filtering: 0
2021/03/15-17:40:23.629305 7fb9ad174640   Options.memtable_huge_page_size: 0
2021/03/15-17:40:23.629306 7fb9ad174640                           Options.bloom_locality: 0
2021/03/15-17:40:23.629307 7fb9ad174640                    Options.max_successive_merges: 0
2021/03/15-17:40:23.629308 7fb9ad174640                Options.optimize_filters_for_hits: 0
2021/03/15-17:40:23.629309 7fb9ad174640                Options.paranoid_file_checks: 0
2021/03/15-17:40:23.629310 7fb9ad174640                Options.force_consistency_checks: 1
2021/03/15-17:40:23.629310 7fb9ad174640                Options.report_bg_io_stats: 0
2021/03/15-17:40:23.629311 7fb9ad174640                               Options.ttl: 2592000
2021/03/15-17:40:23.629312 7fb9ad174640          Options.periodic_compaction_seconds: 0
2021/03/15-17:40:23.629313 7fb9ad174640                    Options.enable_blob_files: false
2021/03/15-17:40:23.629314 7fb9ad174640                        Options.min_blob_size: 0
2021/03/15-17:40:23.629315 7fb9ad174640                       Options.blob_file_size: 268435456
2021/03/15-17:40:23.629316 7fb9ad174640                Options.blob_compression_type: NoCompression
2021/03/15-17:40:23.629317 7fb9ad174640       Options.enable_blob_garbage_collection: false
2021/03/15-17:40:23.629317 7fb9ad174640   Options.blob_garbage_collection_age_cutoff: 0.250000
2021/03/15-17:40:23.629343 7fb9ad174640 [/column_family.cc:597] --------------- Options for column family [b]:
2021/03/15-17:40:23.629345 7fb9ad174640               Options.comparator: leveldb.BytewiseComparator
2021/03/15-17:40:23.629346 7fb9ad174640           Options.merge_operator: None
2021/03/15-17:40:23.629347 7fb9ad174640        Options.compaction_filter: None
2021/03/15-17:40:23.629348 7fb9ad174640        Options.compaction_filter_factory: None
2021/03/15-17:40:23.629349 7fb9ad174640  Options.sst_partitioner_factory: None
2021/03/15-17:40:23.629357 7fb9ad174640         Options.memtable_factory: SkipListFactory
2021/03/15-17:40:23.629359 7fb9ad174640            Options.table_factory: BlockBasedTable
2021/03/15-17:40:23.629371 7fb9ad174640            table_factory options:   flush_block_policy_factory: FlushBlockBySizePolicyFactory (0x7fb9a93dd380)
  cache_index_and_filter_blocks: 1
  cache_index_and_filter_blocks_with_high_priority: 1
  pin_l0_filter_and_index_blocks_in_cache: 1
  pin_top_level_index_and_filter: 1
  index_type: 0
  data_block_index_type: 0
  index_shortening: 1
  data_block_hash_table_util_ratio: 0.750000
  hash_index_allow_collision: 1
  checksum: 1
  no_block_cache: 0
  block_cache: 0x7fb9a93ea370
  block_cache_name: LRUCache
  block_cache_options:
    capacity : 8388608
    num_shard_bits : 4
    strict_capacity_limit : 0
    memory_allocator : None
    high_pri_pool_ratio: 0.000
  block_cache_compressed: (nil)
  persistent_cache: (nil)
  block_size: 16384
  block_size_deviation: 10
  block_restart_interval: 16
  index_block_restart_interval: 1
  metadata_block_size: 4096
  partition_filters: 0
  use_delta_encoding: 1
  filter_policy: rocksdb.BuiltinBloomFilter
  whole_key_filtering: 1
  verify_compression: 0
  read_amp_bytes_per_bit: 0
  format_version: 4
  enable_index_compression: 1
  block_align: 0
2021/03/15-17:40:23.629372 7fb9ad174640        Options.write_buffer_size: 67108864
2021/03/15-17:40:23.629373 7fb9ad174640  Options.max_write_buffer_number: 2
2021/03/15-17:40:23.629374 7fb9ad174640          Options.compression: LZ4
2021/03/15-17:40:23.629375 7fb9ad174640                  Options.bottommost_compression: ZSTD
2021/03/15-17:40:23.629376 7fb9ad174640       Options.prefix_extractor: nullptr
2021/03/15-17:40:23.629377 7fb9ad174640   Options.memtable_insert_with_hint_prefix_extractor: nullptr
2021/03/15-17:40:23.629378 7fb9ad174640             Options.num_levels: 7
2021/03/15-17:40:23.629379 7fb9ad174640        Options.min_write_buffer_number_to_merge: 1
2021/03/15-17:40:23.629379 7fb9ad174640     Options.max_write_buffer_number_to_maintain: 0
2021/03/15-17:40:23.629380 7fb9ad174640     Options.max_write_buffer_size_to_maintain: 0
2021/03/15-17:40:23.629381 7fb9ad174640            Options.bottommost_compression_opts.window_bits: -14
2021/03/15-17:40:23.629382 7fb9ad174640                  Options.bottommost_compression_opts.level: 32767
2021/03/15-17:40:23.629383 7fb9ad174640               Options.bottommost_compression_opts.strategy: 0
2021/03/15-17:40:23.629384 7fb9ad174640         Options.bottommost_compression_opts.max_dict_bytes: 0
2021/03/15-17:40:23.629384 7fb9ad174640         Options.bottommost_compression_opts.zstd_max_train_bytes: 0
2021/03/15-17:40:23.629385 7fb9ad174640         Options.bottommost_compression_opts.parallel_threads: 1
2021/03/15-17:40:23.629386 7fb9ad174640                  Options.bottommost_compression_opts.enabled: false
2021/03/15-17:40:23.629387 7fb9ad174640            Options.compression_opts.window_bits: -14
