2021/03/15-17:40:26.020996 7f9cde638640 RocksDB version: 6.15.2
2021/03/15-17:40:26.021075 7f9cde638640 Git sha rocksdb_build_git_sha:
2021/03/15-17:40:26.021078 7f9cde638640 Compile date Jan  4 2021
2021/03/15-17:40:26.021204 7f9cde638640 DB SUMMARY
2021/03/15-17:40:26.021208 7f9cde638640 DB Session ID:  ZH1YNW51J8URW33MZSRG
2021/03/15-17:40:26.021391 7f9cde638640 CURRENT file:  CURRENT
2021/03/15-17:40:26.021396 7f9cde638640 IDENTITY file:  IDENTITY
2021/03/15-17:40:26.021405 7f9cde638640 MANIFEST file:  MANIFEST-000048 size: 1552 Bytes
2021/03/15-17:40:26.021410 7f9cde638640 SST files in /root/.mantis/pottery/rocksdb/ dir, Total Num: 8, files: 000030.sst 000031.sst 000032.sst 000033.sst 000034.sst 000040.sst 000041.sst 000047.sst 
2021/03/15-17:40:26.021480 7f9cde638640 Write Ahead Log file in /root/.mantis/pottery/rocksdb: 000049.log size: 701 ; 
2021/03/15-17:40:26.021489 7f9cde638640                         Options.error_if_exists: 0
2021/03/15-17:40:26.021492 7f9cde638640                       Options.create_if_missing: 1
2021/03/15-17:40:26.021493 7f9cde638640                         Options.paranoid_checks: 1
2021/03/15-17:40:26.021494 7f9cde638640                               Options.track_and_verify_wals_in_manifest: 0
2021/03/15-17:40:26.021496 7f9cde638640                                     Options.env: 0x7f9c7f3bb3c0
2021/03/15-17:40:26.021498 7f9cde638640                                      Options.fs: Posix File System
2021/03/15-17:40:26.021500 7f9cde638640                                Options.info_log: 0x7f9cd9964470
2021/03/15-17:40:26.021502 7f9cde638640                Options.max_file_opening_threads: 16
2021/03/15-17:40:26.021503 7f9cde638640                              Options.statistics: (nil)
2021/03/15-17:40:26.021506 7f9cde638640                               Options.use_fsync: 0
2021/03/15-17:40:26.021507 7f9cde638640                       Options.max_log_file_size: 0
2021/03/15-17:40:26.021509 7f9cde638640                  Options.max_manifest_file_size: 1073741824
2021/03/15-17:40:26.021511 7f9cde638640                   Options.log_file_time_to_roll: 0
2021/03/15-17:40:26.021512 7f9cde638640                       Options.keep_log_file_num: 1000
2021/03/15-17:40:26.021514 7f9cde638640                    Options.recycle_log_file_num: 0
2021/03/15-17:40:26.021515 7f9cde638640                         Options.allow_fallocate: 1
2021/03/15-17:40:26.021517 7f9cde638640                        Options.allow_mmap_reads: 0
2021/03/15-17:40:26.021518 7f9cde638640                       Options.allow_mmap_writes: 0
2021/03/15-17:40:26.021519 7f9cde638640                        Options.use_direct_reads: 0
2021/03/15-17:40:26.021521 7f9cde638640                        Options.use_direct_io_for_flush_and_compaction: 0
2021/03/15-17:40:26.021522 7f9cde638640          Options.create_missing_column_families: 1
2021/03/15-17:40:26.021523 7f9cde638640                              Options.db_log_dir: 
2021/03/15-17:40:26.021525 7f9cde638640                                 Options.wal_dir: /root/.mantis/pottery/rocksdb
2021/03/15-17:40:26.021527 7f9cde638640                Options.table_cache_numshardbits: 6
2021/03/15-17:40:26.021528 7f9cde638640                         Options.WAL_ttl_seconds: 0
2021/03/15-17:40:26.021530 7f9cde638640                       Options.WAL_size_limit_MB: 0
2021/03/15-17:40:26.021532 7f9cde638640                        Options.max_write_batch_group_size_bytes: 1048576
2021/03/15-17:40:26.021533 7f9cde638640             Options.manifest_preallocation_size: 4194304
2021/03/15-17:40:26.021535 7f9cde638640                     Options.is_fd_close_on_exec: 1
2021/03/15-17:40:26.021537 7f9cde638640                   Options.advise_random_on_open: 1
2021/03/15-17:40:26.021538 7f9cde638640                    Options.db_write_buffer_size: 0
2021/03/15-17:40:26.021540 7f9cde638640                    Options.write_buffer_manager: 0x7f9cd91c5a70
2021/03/15-17:40:26.021542 7f9cde638640         Options.access_hint_on_compaction_start: 1
2021/03/15-17:40:26.021544 7f9cde638640  Options.new_table_reader_for_compaction_inputs: 0
2021/03/15-17:40:26.021545 7f9cde638640           Options.random_access_max_buffer_size: 1048576
2021/03/15-17:40:26.021600 7f9cde638640                      Options.use_adaptive_mutex: 0
2021/03/15-17:40:26.021604 7f9cde638640                            Options.rate_limiter: (nil)
2021/03/15-17:40:26.021609 7f9cde638640     Options.sst_file_manager.rate_bytes_per_sec: 0
2021/03/15-17:40:26.021611 7f9cde638640                       Options.wal_recovery_mode: 2
2021/03/15-17:40:26.021613 7f9cde638640                  Options.enable_thread_tracking: 0
2021/03/15-17:40:26.021614 7f9cde638640                  Options.enable_pipelined_write: 0
2021/03/15-17:40:26.021616 7f9cde638640                  Options.unordered_write: 0
2021/03/15-17:40:26.021617 7f9cde638640         Options.allow_concurrent_memtable_write: 1
2021/03/15-17:40:26.021619 7f9cde638640      Options.enable_write_thread_adaptive_yield: 1
2021/03/15-17:40:26.021620 7f9cde638640             Options.write_thread_max_yield_usec: 100
2021/03/15-17:40:26.021622 7f9cde638640            Options.write_thread_slow_yield_usec: 3
2021/03/15-17:40:26.021624 7f9cde638640                               Options.row_cache: None
2021/03/15-17:40:26.021625 7f9cde638640                              Options.wal_filter: None
2021/03/15-17:40:26.021627 7f9cde638640             Options.avoid_flush_during_recovery: 0
2021/03/15-17:40:26.021629 7f9cde638640             Options.allow_ingest_behind: 0
2021/03/15-17:40:26.021630 7f9cde638640             Options.preserve_deletes: 0
2021/03/15-17:40:26.021632 7f9cde638640             Options.two_write_queues: 0
2021/03/15-17:40:26.021633 7f9cde638640             Options.manual_wal_flush: 0
2021/03/15-17:40:26.021635 7f9cde638640             Options.atomic_flush: 0
2021/03/15-17:40:26.021636 7f9cde638640             Options.avoid_unnecessary_blocking_io: 0
2021/03/15-17:40:26.021638 7f9cde638640                 Options.persist_stats_to_disk: 0
2021/03/15-17:40:26.021639 7f9cde638640                 Options.write_dbid_to_manifest: 0
2021/03/15-17:40:26.021641 7f9cde638640                 Options.log_readahead_size: 0
2021/03/15-17:40:26.021642 7f9cde638640                 Options.file_checksum_gen_factory: Unknown
2021/03/15-17:40:26.021644 7f9cde638640                 Options.best_efforts_recovery: 0
2021/03/15-17:40:26.021646 7f9cde638640                Options.max_bgerror_resume_count: 2147483647
2021/03/15-17:40:26.021647 7f9cde638640            Options.bgerror_resume_retry_interval: 1000000
2021/03/15-17:40:26.021649 7f9cde638640             Options.allow_data_in_errors: 0
2021/03/15-17:40:26.021650 7f9cde638640             Options.db_host_id: __hostname__
2021/03/15-17:40:26.021656 7f9cde638640             Options.max_background_jobs: 1
2021/03/15-17:40:26.021657 7f9cde638640             Options.max_background_compactions: -1
2021/03/15-17:40:26.021659 7f9cde638640             Options.max_subcompactions: 1
2021/03/15-17:40:26.021661 7f9cde638640             Options.avoid_flush_during_shutdown: 0
2021/03/15-17:40:26.021663 7f9cde638640           Options.writable_file_max_buffer_size: 1048576
2021/03/15-17:40:26.021664 7f9cde638640             Options.delayed_write_rate : 16777216
2021/03/15-17:40:26.021666 7f9cde638640             Options.max_total_wal_size: 0
2021/03/15-17:40:26.021667 7f9cde638640             Options.delete_obsolete_files_period_micros: 21600000000
2021/03/15-17:40:26.021668 7f9cde638640                   Options.stats_dump_period_sec: 600
2021/03/15-17:40:26.021670 7f9cde638640                 Options.stats_persist_period_sec: 600
2021/03/15-17:40:26.021671 7f9cde638640                 Options.stats_history_buffer_size: 1048576
2021/03/15-17:40:26.021672 7f9cde638640                          Options.max_open_files: 32
2021/03/15-17:40:26.021674 7f9cde638640                          Options.bytes_per_sync: 0
2021/03/15-17:40:26.021675 7f9cde638640                      Options.wal_bytes_per_sync: 0
2021/03/15-17:40:26.021677 7f9cde638640                   Options.strict_bytes_per_sync: 0
2021/03/15-17:40:26.021678 7f9cde638640       Options.compaction_readahead_size: 0
2021/03/15-17:40:26.021693 7f9cde638640                  Options.max_background_flushes: -1
2021/03/15-17:40:26.021696 7f9cde638640 Compression algorithms supported:
2021/03/15-17:40:26.021698 7f9cde638640 	kZSTDNotFinalCompression supported: 1
2021/03/15-17:40:26.021712 7f9cde638640 	kZSTD supported: 1
2021/03/15-17:40:26.021715 7f9cde638640 	kXpressCompression supported: 0
2021/03/15-17:40:26.021717 7f9cde638640 	kLZ4HCCompression supported: 1
2021/03/15-17:40:26.021719 7f9cde638640 	kLZ4Compression supported: 1
2021/03/15-17:40:26.021720 7f9cde638640 	kBZip2Compression supported: 1
2021/03/15-17:40:26.021722 7f9cde638640 	kZlibCompression supported: 1
2021/03/15-17:40:26.021724 7f9cde638640 	kSnappyCompression supported: 1
2021/03/15-17:40:26.021738 7f9cde638640 Fast CRC32 supported: Not supported on x86
2021/03/15-17:40:26.022009 7f9cde638640 [/version_set.cc:4725] Recovering from manifest file: /root/.mantis/pottery/rocksdb/MANIFEST-000048
2021/03/15-17:40:26.022437 7f9cde638640 [/column_family.cc:597] --------------- Options for column family [default]:
2021/03/15-17:40:26.022449 7f9cde638640               Options.comparator: leveldb.BytewiseComparator
2021/03/15-17:40:26.022451 7f9cde638640           Options.merge_operator: None
2021/03/15-17:40:26.022453 7f9cde638640        Options.compaction_filter: None
2021/03/15-17:40:26.022454 7f9cde638640        Options.compaction_filter_factory: None
2021/03/15-17:40:26.022456 7f9cde638640  Options.sst_partitioner_factory: None
2021/03/15-17:40:26.022458 7f9cde638640         Options.memtable_factory: SkipListFactory
2021/03/15-17:40:26.022461 7f9cde638640            Options.table_factory: BlockBasedTable
2021/03/15-17:40:26.022498 7f9cde638640            table_factory options:   flush_block_policy_factory: FlushBlockBySizePolicyFactory (0x7f9cd91c7fe0)
  cache_index_and_filter_blocks: 1
  cache_index_and_filter_blocks_with_high_priority: 1
  pin_l0_filter_and_index_blocks_in_cache: 1
  pin_top_level_index_and_filter: 1
  index_type: 0
  data_block_index_type: 0
  index_shortening: 1
  data_block_hash_table_util_ratio: 0.750000
  hash_index_allow_collision: 1
  checksum: 1
  no_block_cache: 0
  block_cache: 0x7f9cd91c70e0
  block_cache_name: LRUCache
  block_cache_options:
    capacity : 8388608
    num_shard_bits : 4
    strict_capacity_limit : 0
    memory_allocator : None
    high_pri_pool_ratio: 0.000
  block_cache_compressed: (nil)
  persistent_cache: (nil)
  block_size: 16384
  block_size_deviation: 10
  block_restart_interval: 16
  index_block_restart_interval: 1
  metadata_block_size: 4096
  partition_filters: 0
  use_delta_encoding: 1
  filter_policy: rocksdb.BuiltinBloomFilter
  whole_key_filtering: 1
  verify_compression: 0
  read_amp_bytes_per_bit: 0
  format_version: 4
  enable_index_compression: 1
  block_align: 0
2021/03/15-17:40:26.022501 7f9cde638640        Options.write_buffer_size: 67108864
2021/03/15-17:40:26.022502 7f9cde638640  Options.max_write_buffer_number: 2
2021/03/15-17:40:26.022505 7f9cde638640          Options.compression: LZ4
2021/03/15-17:40:26.022507 7f9cde638640                  Options.bottommost_compression: ZSTD
2021/03/15-17:40:26.022509 7f9cde638640       Options.prefix_extractor: nullptr
2021/03/15-17:40:26.022511 7f9cde638640   Options.memtable_insert_with_hint_prefix_extractor: nullptr
2021/03/15-17:40:26.022512 7f9cde638640             Options.num_levels: 7
2021/03/15-17:40:26.022513 7f9cde638640        Options.min_write_buffer_number_to_merge: 1
2021/03/15-17:40:26.022515 7f9cde638640     Options.max_write_buffer_number_to_maintain: 0
2021/03/15-17:40:26.022516 7f9cde638640     Options.max_write_buffer_size_to_maintain: 0
2021/03/15-17:40:26.022518 7f9cde638640            Options.bottommost_compression_opts.window_bits: -14
2021/03/15-17:40:26.022519 7f9cde638640                  Options.bottommost_compression_opts.level: 32767
2021/03/15-17:40:26.022520 7f9cde638640               Options.bottommost_compression_opts.strategy: 0
2021/03/15-17:40:26.022522 7f9cde638640         Options.bottommost_compression_opts.max_dict_bytes: 0
2021/03/15-17:40:26.022568 7f9cde638640         Options.bottommost_compression_opts.zstd_max_train_bytes: 0
2021/03/15-17:40:26.022571 7f9cde638640         Options.bottommost_compression_opts.parallel_threads: 1
2021/03/15-17:40:26.022572 7f9cde638640                  Options.bottommost_compression_opts.enabled: false
2021/03/15-17:40:26.022574 7f9cde638640            Options.compression_opts.window_bits: -14
2021/03/15-17:40:26.022575 7f9cde638640                  Options.compression_opts.level: 32767
2021/03/15-17:40:26.022576 7f9cde638640               Options.compression_opts.strategy: 0
2021/03/15-17:40:26.022577 7f9cde638640         Options.compression_opts.max_dict_bytes: 0
2021/03/15-17:40:26.022579 7f9cde638640         Options.compression_opts.zstd_max_train_bytes: 0
2021/03/15-17:40:26.022580 7f9cde638640         Options.compression_opts.parallel_threads: 1
2021/03/15-17:40:26.022582 7f9cde638640                  Options.compression_opts.enabled: false
2021/03/15-17:40:26.022583 7f9cde638640      Options.level0_file_num_compaction_trigger: 4
2021/03/15-17:40:26.022585 7f9cde638640          Options.level0_slowdown_writes_trigger: 20
2021/03/15-17:40:26.022586 7f9cde638640              Options.level0_stop_writes_trigger: 36
2021/03/15-17:40:26.022588 7f9cde638640                   Options.target_file_size_base: 67108864
2021/03/15-17:40:26.022589 7f9cde638640             Options.target_file_size_multiplier: 1
2021/03/15-17:40:26.022591 7f9cde638640                Options.max_bytes_for_level_base: 268435456
2021/03/15-17:40:26.022592 7f9cde638640 Options.level_compaction_dynamic_level_bytes: 1
2021/03/15-17:40:26.022594 7f9cde638640          Options.max_bytes_for_level_multiplier: 10.000000
2021/03/15-17:40:26.022598 7f9cde638640 Options.max_bytes_for_level_multiplier_addtl[0]: 1
2021/03/15-17:40:26.022599 7f9cde638640 Options.max_bytes_for_level_multiplier_addtl[1]: 1
2021/03/15-17:40:26.022601 7f9cde638640 Options.max_bytes_for_level_multiplier_addtl[2]: 1
2021/03/15-17:40:26.022602 7f9cde638640 Options.max_bytes_for_level_multiplier_addtl[3]: 1
2021/03/15-17:40:26.022604 7f9cde638640 Options.max_bytes_for_level_multiplier_addtl[4]: 1
2021/03/15-17:40:26.022605 7f9cde638640 Options.max_bytes_for_level_multiplier_addtl[5]: 1
2021/03/15-17:40:26.022607 7f9cde638640 Options.max_bytes_for_level_multiplier_addtl[6]: 1
2021/03/15-17:40:26.022609 7f9cde638640       Options.max_sequential_skip_in_iterations: 8
2021/03/15-17:40:26.022610 7f9cde638640                    Options.max_compaction_bytes: 1677721600
2021/03/15-17:40:26.022612 7f9cde638640                        Options.arena_block_size: 8388608
2021/03/15-17:40:26.022613 7f9cde638640   Options.soft_pending_compaction_bytes_limit: 68719476736
2021/03/15-17:40:26.022615 7f9cde638640   Options.hard_pending_compaction_bytes_limit: 274877906944
2021/03/15-17:40:26.022616 7f9cde638640       Options.rate_limit_delay_max_milliseconds: 100
2021/03/15-17:40:26.022617 7f9cde638640                Options.disable_auto_compactions: 0
2021/03/15-17:40:26.022620 7f9cde638640                        Options.compaction_style: kCompactionStyleLevel
2021/03/15-17:40:26.022623 7f9cde638640                          Options.compaction_pri: kMinOverlappingRatio
2021/03/15-17:40:26.022625 7f9cde638640 Options.compaction_options_universal.size_ratio: 1
2021/03/15-17:40:26.022626 7f9cde638640 Options.compaction_options_universal.min_merge_width: 2
2021/03/15-17:40:26.022627 7f9cde638640 Options.compaction_options_universal.max_merge_width: 4294967295
2021/03/15-17:40:26.022629 7f9cde638640 Options.compaction_options_universal.max_size_amplification_percent: 200
2021/03/15-17:40:26.022630 7f9cde638640 Options.compaction_options_universal.compression_size_percent: -1
2021/03/15-17:40:26.022632 7f9cde638640 Options.compaction_options_universal.stop_style: kCompactionStopStyleTotalSize
2021/03/15-17:40:26.022634 7f9cde638640 Options.compaction_options_fifo.max_table_files_size: 1073741824
2021/03/15-17:40:26.022635 7f9cde638640 Options.compaction_options_fifo.allow_compaction: 0
2021/03/15-17:40:26.022661 7f9cde638640                   Options.table_properties_collectors: 
2021/03/15-17:40:26.022664 7f9cde638640                   Options.inplace_update_support: 0
2021/03/15-17:40:26.022665 7f9cde638640                 Options.inplace_update_num_locks: 10000
2021/03/15-17:40:26.022667 7f9cde638640               Options.memtable_prefix_bloom_size_ratio: 0.000000
2021/03/15-17:40:26.022669 7f9cde638640               Options.memtable_whole_key_filtering: 0
2021/03/15-17:40:26.022671 7f9cde638640   Options.memtable_huge_page_size: 0
2021/03/15-17:40:26.022672 7f9cde638640                           Options.bloom_locality: 0
2021/03/15-17:40:26.022673 7f9cde638640                    Options.max_successive_merges: 0
2021/03/15-17:40:26.022675 7f9cde638640                Options.optimize_filters_for_hits: 0
2021/03/15-17:40:26.022677 7f9cde638640                Options.paranoid_file_checks: 0
2021/03/15-17:40:26.022678 7f9cde638640                Options.force_consistency_checks: 1
2021/03/15-17:40:26.022679 7f9cde638640                Options.report_bg_io_stats: 0
2021/03/15-17:40:26.022680 7f9cde638640                               Options.ttl: 2592000
2021/03/15-17:40:26.022682 7f9cde638640          Options.periodic_compaction_seconds: 0
2021/03/15-17:40:26.022683 7f9cde638640                    Options.enable_blob_files: false
2021/03/15-17:40:26.022685 7f9cde638640                        Options.min_blob_size: 0
2021/03/15-17:40:26.022686 7f9cde638640                       Options.blob_file_size: 268435456
2021/03/15-17:40:26.022689 7f9cde638640                Options.blob_compression_type: NoCompression
2021/03/15-17:40:26.022691 7f9cde638640       Options.enable_blob_garbage_collection: false
2021/03/15-17:40:26.022692 7f9cde638640   Options.blob_garbage_collection_age_cutoff: 0.250000
2021/03/15-17:40:26.023048 7f9cde638640 [/column_family.cc:597] --------------- Options for column family [r]:
2021/03/15-17:40:26.023058 7f9cde638640               Options.comparator: leveldb.BytewiseComparator
2021/03/15-17:40:26.023060 7f9cde638640           Options.merge_operator: None
2021/03/15-17:40:26.023062 7f9cde638640        Options.compaction_filter: None
2021/03/15-17:40:26.023064 7f9cde638640        Options.compaction_filter_factory: None
2021/03/15-17:40:26.023065 7f9cde638640  Options.sst_partitioner_factory: None
2021/03/15-17:40:26.023066 7f9cde638640         Options.memtable_factory: SkipListFactory
2021/03/15-17:40:26.023068 7f9cde638640            Options.table_factory: BlockBasedTable
2021/03/15-17:40:26.023099 7f9cde638640            table_factory options:   flush_block_policy_factory: FlushBlockBySizePolicyFactory (0x7f9cd91c7fe0)
  cache_index_and_filter_blocks: 1
  cache_index_and_filter_blocks_with_high_priority: 1
  pin_l0_filter_and_index_blocks_in_cache: 1
  pin_top_level_index_and_filter: 1
  index_type: 0
  data_block_index_type: 0
  index_shortening: 1
  data_block_hash_table_util_ratio: 0.750000
  hash_index_allow_collision: 1
  checksum: 1
  no_block_cache: 0
  block_cache: 0x7f9cd91c70e0
  block_cache_name: LRUCache
  block_cache_options:
    capacity : 8388608
    num_shard_bits : 4
    strict_capacity_limit : 0
    memory_allocator : None
    high_pri_pool_ratio: 0.000
  block_cache_compressed: (nil)
  persistent_cache: (nil)
  block_size: 16384
  block_size_deviation: 10
  block_restart_interval: 16
  index_block_restart_interval: 1
  metadata_block_size: 4096
  partition_filters: 0
  use_delta_encoding: 1
  filter_policy: rocksdb.BuiltinBloomFilter
  whole_key_filtering: 1
  verify_compression: 0
  read_amp_bytes_per_bit: 0
  format_version: 4
  enable_index_compression: 1
  block_align: 0
2021/03/15-17:40:26.023102 7f9cde638640        Options.write_buffer_size: 67108864
2021/03/15-17:40:26.023104 7f9cde638640  Options.max_write_buffer_number: 2
2021/03/15-17:40:26.023106 7f9cde638640          Options.compression: LZ4
2021/03/15-17:40:26.023108 7f9cde638640                  Options.bottommost_compression: ZSTD
2021/03/15-17:40:26.023110 7f9cde638640       Options.prefix_extractor: nullptr
2021/03/15-17:40:26.023141 7f9cde638640   Options.memtable_insert_with_hint_prefix_extractor: nullptr
2021/03/15-17:40:26.023144 7f9cde638640             Options.num_levels: 7
2021/03/15-17:40:26.023146 7f9cde638640        Options.min_write_buffer_number_to_merge: 1
2021/03/15-17:40:26.023147 7f9cde638640     Options.max_write_buffer_number_to_maintain: 0
2021/03/15-17:40:26.023149 7f9cde638640     Options.max_write_buffer_size_to_maintain: 0
2021/03/15-17:40:26.023151 7f9cde638640            Options.bottommost_compression_opts.window_bits: -14
2021/03/15-17:40:26.023152 7f9cde638640                  Options.bottommost_compression_opts.level: 32767
2021/03/15-17:40:26.023154 7f9cde638640               Options.bottommost_compression_opts.strategy: 0
2021/03/15-17:40:26.023156 7f9cde638640         Options.bottommost_compression_opts.max_dict_bytes: 0
2021/03/15-17:40:26.023157 7f9cde638640         Options.bottommost_compression_opts.zstd_max_train_bytes: 0
2021/03/15-17:40:26.023159 7f9cde638640         Options.bottommost_compression_opts.parallel_threads: 1
2021/03/15-17:40:26.023160 7f9cde638640                  Options.bottommost_compression_opts.enabled: false
2021/03/15-17:40:26.023162 7f9cde638640            Options.compression_opts.window_bits: -14
2021/03/15-17:40:26.023163 7f9cde638640                  Options.compression_opts.level: 32767
2021/03/15-17:40:26.023165 7f9cde638640               Options.compression_opts.strategy: 0
2021/03/15-17:40:26.023166 7f9cde638640         Options.compression_opts.max_dict_bytes: 0
2021/03/15-17:40:26.023168 7f9cde638640         Options.compression_opts.zstd_max_train_bytes: 0
2021/03/15-17:40:26.023170 7f9cde638640         Options.compression_opts.parallel_threads: 1
2021/03/15-17:40:26.023171 7f9cde638640                  Options.compression_opts.enabled: false
2021/03/15-17:40:26.023173 7f9cde638640      Options.level0_file_num_compaction_trigger: 4
2021/03/15-17:40:26.023175 7f9cde638640          Options.level0_slowdown_writes_trigger: 20
2021/03/15-17:40:26.023176 7f9cde638640              Options.level0_stop_writes_trigger: 36
2021/03/15-17:40:26.023178 7f9cde638640                   Options.target_file_size_base: 67108864
2021/03/15-17:40:26.023179 7f9cde638640             Options.target_file_size_multiplier: 1
2021/03/15-17:40:26.023181 7f9cde638640                Options.max_bytes_for_level_base: 268435456
2021/03/15-17:40:26.023182 7f9cde638640 Options.level_compaction_dynamic_level_bytes: 1
2021/03/15-17:40:26.023184 7f9cde638640          Options.max_bytes_for_level_multiplier: 10.000000
2021/03/15-17:40:26.023188 7f9cde638640 Options.max_bytes_for_level_multiplier_addtl[0]: 1
2021/03/15-17:40:26.023190 7f9cde638640 Options.max_bytes_for_level_multiplier_addtl[1]: 1
2021/03/15-17:40:26.023192 7f9cde638640 Options.max_bytes_for_level_multiplier_addtl[2]: 1
2021/03/15-17:40:26.023193 7f9cde638640 Options.max_bytes_for_level_multiplier_addtl[3]: 1
2021/03/15-17:40:26.023195 7f9cde638640 Options.max_bytes_for_level_multiplier_addtl[4]: 1
2021/03/15-17:40:26.023197 7f9cde638640 Options.max_bytes_for_level_multiplier_addtl[5]: 1
2021/03/15-17:40:26.023198 7f9cde638640 Options.max_bytes_for_level_multiplier_addtl[6]: 1
2021/03/15-17:40:26.023200 7f9cde638640       Options.max_sequential_skip_in_iterations: 8
2021/03/15-17:40:26.023201 7f9cde638640                    Options.max_compaction_bytes: 1677721600
2021/03/15-17:40:26.023203 7f9cde638640                        Options.arena_block_size: 8388608
2021/03/15-17:40:26.023205 7f9cde638640   Options.soft_pending_compaction_bytes_limit: 68719476736
2021/03/15-17:40:26.023206 7f9cde638640   Options.hard_pending_compaction_bytes_limit: 274877906944
2021/03/15-17:40:26.023208 7f9cde638640       Options.rate_limit_delay_max_milliseconds: 100
2021/03/15-17:40:26.023210 7f9cde638640                Options.disable_auto_compactions: 0
2021/03/15-17:40:26.023212 7f9cde638640                        Options.compaction_style: kCompactionStyleLevel
2021/03/15-17:40:26.023215 7f9cde638640                          Options.compaction_pri: kMinOverlappingRatio
2021/03/15-17:40:26.023227 7f9cde638640 Options.compaction_options_universal.size_ratio: 1
2021/03/15-17:40:26.023229 7f9cde638640 Options.compaction_options_universal.min_merge_width: 2
2021/03/15-17:40:26.023231 7f9cde638640 Options.compaction_options_universal.max_merge_width: 4294967295
2021/03/15-17:40:26.023233 7f9cde638640 Options.compaction_options_universal.max_size_amplification_percent: 200
2021/03/15-17:40:26.023234 7f9cde638640 Options.compaction_options_universal.compression_size_percent: -1
2021/03/15-17:40:26.023236 7f9cde638640 Options.compaction_options_universal.stop_style: kCompactionStopStyleTotalSize
2021/03/15-17:40:26.023238 7f9cde638640 Options.compaction_options_fifo.max_table_files_size: 1073741824
2021/03/15-17:40:26.023240 7f9cde638640 Options.compaction_options_fifo.allow_compaction: 0
2021/03/15-17:40:26.023250 7f9cde638640                   Options.table_properties_collectors: 
2021/03/15-17:40:26.023253 7f9cde638640                   Options.inplace_update_support: 0
2021/03/15-17:40:26.023254 7f9cde638640                 Options.inplace_update_num_locks: 10000
2021/03/15-17:40:26.023256 7f9cde638640               Options.memtable_prefix_bloom_size_ratio: 0.000000
2021/03/15-17:40:26.023259 7f9cde638640               Options.memtable_whole_key_filtering: 0
2021/03/15-17:40:26.023261 7f9cde638640   Options.memtable_huge_page_size: 0
2021/03/15-17:40:26.023262 7f9cde638640                           Options.bloom_locality: 0
2021/03/15-17:40:26.023264 7f9cde638640                    Options.max_successive_merges: 0
2021/03/15-17:40:26.023265 7f9cde638640                Options.optimize_filters_for_hits: 0
2021/03/15-17:40:26.023267 7f9cde638640                Options.paranoid_file_checks: 0
2021/03/15-17:40:26.023268 7f9cde638640                Options.force_consistency_checks: 1
2021/03/15-17:40:26.023270 7f9cde638640                Options.report_bg_io_stats: 0
2021/03/15-17:40:26.023271 7f9cde638640                               Options.ttl: 2592000
2021/03/15-17:40:26.023272 7f9cde638640          Options.periodic_compaction_seconds: 0
2021/03/15-17:40:26.023274 7f9cde638640                    Options.enable_blob_files: false
2021/03/15-17:40:26.023275 7f9cde638640                        Options.min_blob_size: 0
2021/03/15-17:40:26.023277 7f9cde638640                       Options.blob_file_size: 268435456
2021/03/15-17:40:26.023280 7f9cde638640                Options.blob_compression_type: NoCompression
2021/03/15-17:40:26.023282 7f9cde638640       Options.enable_blob_garbage_collection: false
2021/03/15-17:40:26.023284 7f9cde638640   Options.blob_garbage_collection_age_cutoff: 0.250000
2021/03/15-17:40:26.030913 7f9cde638640 [/column_family.cc:597] --------------- Options for column family [h]:
2021/03/15-17:40:26.030925 7f9cde638640               Options.comparator: leveldb.BytewiseComparator
2021/03/15-17:40:26.030927 7f9cde638640           Options.merge_operator: None
2021/03/15-17:40:26.030928 7f9cde638640        Options.compaction_filter: None
2021/03/15-17:40:26.030930 7f9cde638640        Options.compaction_filter_factory: None
2021/03/15-17:40:26.030931 7f9cde638640  Options.sst_partitioner_factory: None
2021/03/15-17:40:26.030933 7f9cde638640         Options.memtable_factory: SkipListFactory
2021/03/15-17:40:26.030935 7f9cde638640            Options.table_factory: BlockBasedTable
2021/03/15-17:40:26.030972 7f9cde638640            table_factory options:   flush_block_policy_factory: FlushBlockBySizePolicyFactory (0x7f9cd91c7fe0)
  cache_index_and_filter_blocks: 1
  cache_index_and_filter_blocks_with_high_priority: 1
  pin_l0_filter_and_index_blocks_in_cache: 1
  pin_top_level_index_and_filter: 1
  index_type: 0
  data_block_index_type: 0
  index_shortening: 1
  data_block_hash_table_util_ratio: 0.750000
  hash_index_allow_collision: 1
  checksum: 1
  no_block_cache: 0
  block_cache: 0x7f9cd91c70e0
  block_cache_name: LRUCache
  block_cache_options:
    capacity : 8388608
    num_shard_bits : 4
    strict_capacity_limit : 0
    memory_allocator : None
    high_pri_pool_ratio: 0.000
  block_cache_compressed: (nil)
  persistent_cache: (nil)
  block_size: 16384
  block_size_deviation: 10
  block_restart_interval: 16
  index_block_restart_interval: 1
  metadata_block_size: 4096
  partition_filters: 0
  use_delta_encoding: 1
  filter_policy: rocksdb.BuiltinBloomFilter
  whole_key_filtering: 1
  verify_compression: 0
  read_amp_bytes_per_bit: 0
  format_version: 4
  enable_index_compression: 1
  block_align: 0
2021/03/15-17:40:26.031023 7f9cde638640        Options.write_buffer_size: 67108864
2021/03/15-17:40:26.031025 7f9cde638640  Options.max_write_buffer_number: 2
2021/03/15-17:40:26.031028 7f9cde638640          Options.compression: LZ4
2021/03/15-17:40:26.031030 7f9cde638640                  Options.bottommost_compression: ZSTD
2021/03/15-17:40:26.031032 7f9cde638640       Options.prefix_extractor: nullptr
2021/03/15-17:40:26.031034 7f9cde638640   Options.memtable_insert_with_hint_prefix_extractor: nullptr
2021/03/15-17:40:26.031035 7f9cde638640             Options.num_levels: 7
2021/03/15-17:40:26.031036 7f9cde638640        Options.min_write_buffer_number_to_merge: 1
2021/03/15-17:40:26.031037 7f9cde638640     Options.max_write_buffer_number_to_maintain: 0
2021/03/15-17:40:26.031039 7f9cde638640     Options.max_write_buffer_size_to_maintain: 0
2021/03/15-17:40:26.031040 7f9cde638640            Options.bottommost_compression_opts.window_bits: -14
2021/03/15-17:40:26.031041 7f9cde638640                  Options.bottommost_compression_opts.level: 32767
2021/03/15-17:40:26.031043 7f9cde638640               Options.bottommost_compression_opts.strategy: 0
2021/03/15-17:40:26.031044 7f9cde638640         Options.bottommost_compression_opts.max_dict_bytes: 0
2021/03/15-17:40:26.031046 7f9cde638640         Options.bottommost_compression_opts.zstd_max_train_bytes: 0
2021/03/15-17:40:26.031047 7f9cde638640         Options.bottommost_compression_opts.parallel_threads: 1
2021/03/15-17:40:26.031049 7f9cde638640                  Options.bottommost_compression_opts.enabled: false
2021/03/15-17:40:26.031050 7f9cde638640            Options.compression_opts.window_bits: -14
2021/03/15-17:40:26.031051 7f9cde638640                  Options.compression_opts.level: 32767
2021/03/15-17:40:26.031053 7f9cde638640               Options.compression_opts.strategy: 0
2021/03/15-17:40:26.031054 7f9cde638640         Options.compression_opts.max_dict_bytes: 0
2021/03/15-17:40:26.031055 7f9cde638640         Options.compression_opts.zstd_max_train_bytes: 0
2021/03/15-17:40:26.031057 7f9cde638640         Options.compression_opts.parallel_threads: 1
2021/03/15-17:40:26.031058 7f9cde638640                  Options.compression_opts.enabled: false
2021/03/15-17:40:26.031060 7f9cde638640      Options.level0_file_num_compaction_trigger: 4
2021/03/15-17:40:26.031061 7f9cde638640          Options.level0_slowdown_writes_trigger: 20
2021/03/15-17:40:26.031063 7f9cde638640              Options.level0_stop_writes_trigger: 36
2021/03/15-17:40:26.031064 7f9cde638640                   Options.target_file_size_base: 67108864
2021/03/15-17:40:26.031066 7f9cde638640             Options.target_file_size_multiplier: 1
2021/03/15-17:40:26.031068 7f9cde638640                Options.max_bytes_for_level_base: 268435456
2021/03/15-17:40:26.031070 7f9cde638640 Options.level_compaction_dynamic_level_bytes: 1
2021/03/15-17:40:26.031071 7f9cde638640          Options.max_bytes_for_level_multiplier: 10.000000
2021/03/15-17:40:26.031075 7f9cde638640 Options.max_bytes_for_level_multiplier_addtl[0]: 1
2021/03/15-17:40:26.031077 7f9cde638640 Options.max_bytes_for_level_multiplier_addtl[1]: 1
2021/03/15-17:40:26.031079 7f9cde638640 Options.max_bytes_for_level_multiplier_addtl[2]: 1
2021/03/15-17:40:26.031080 7f9cde638640 Options.max_bytes_for_level_multiplier_addtl[3]: 1
2021/03/15-17:40:26.031082 7f9cde638640 Options.max_bytes_for_level_multiplier_addtl[4]: 1
2021/03/15-17:40:26.031083 7f9cde638640 Options.max_bytes_for_level_multiplier_addtl[5]: 1
2021/03/15-17:40:26.031085 7f9cde638640 Options.max_bytes_for_level_multiplier_addtl[6]: 1
2021/03/15-17:40:26.031099 7f9cde638640       Options.max_sequential_skip_in_iterations: 8
2021/03/15-17:40:26.031101 7f9cde638640                    Options.max_compaction_bytes: 1677721600
2021/03/15-17:40:26.031103 7f9cde638640                        Options.arena_block_size: 8388608
2021/03/15-17:40:26.031104 7f9cde638640   Options.soft_pending_compaction_bytes_limit: 68719476736
2021/03/15-17:40:26.031105 7f9cde638640   Options.hard_pending_compaction_bytes_limit: 274877906944
2021/03/15-17:40:26.031107 7f9cde638640       Options.rate_limit_delay_max_milliseconds: 100
2021/03/15-17:40:26.031108 7f9cde638640                Options.disable_auto_compactions: 0
2021/03/15-17:40:26.031110 7f9cde638640                        Options.compaction_style: kCompactionStyleLevel
2021/03/15-17:40:26.031113 7f9cde638640                          Options.compaction_pri: kMinOverlappingRatio
2021/03/15-17:40:26.031115 7f9cde638640 Options.compaction_options_universal.size_ratio: 1
2021/03/15-17:40:26.031116 7f9cde638640 Options.compaction_options_universal.min_merge_width: 2
2021/03/15-17:40:26.031117 7f9cde638640 Options.compaction_options_universal.max_merge_width: 4294967295
2021/03/15-17:40:26.031119 7f9cde638640 Options.compaction_options_universal.max_size_amplification_percent: 200
2021/03/15-17:40:26.031121 7f9cde638640 Options.compaction_options_universal.compression_size_percent: -1
2021/03/15-17:40:26.031123 7f9cde638640 Options.compaction_options_universal.stop_style: kCompactionStopStyleTotalSize
2021/03/15-17:40:26.031124 7f9cde638640 Options.compaction_options_fifo.max_table_files_size: 1073741824
2021/03/15-17:40:26.031126 7f9cde638640 Options.compaction_options_fifo.allow_compaction: 0
2021/03/15-17:40:26.031137 7f9cde638640                   Options.table_properties_collectors: 
2021/03/15-17:40:26.031140 7f9cde638640                   Options.inplace_update_support: 0
2021/03/15-17:40:26.031142 7f9cde638640                 Options.inplace_update_num_locks: 10000
2021/03/15-17:40:26.031144 7f9cde638640               Options.memtable_prefix_bloom_size_ratio: 0.000000
2021/03/15-17:40:26.031146 7f9cde638640               Options.memtable_whole_key_filtering: 0
2021/03/15-17:40:26.031148 7f9cde638640   Options.memtable_huge_page_size: 0
2021/03/15-17:40:26.031150 7f9cde638640                           Options.bloom_locality: 0
2021/03/15-17:40:26.031151 7f9cde638640                    Options.max_successive_merges: 0
2021/03/15-17:40:26.031153 7f9cde638640                Options.optimize_filters_for_hits: 0
2021/03/15-17:40:26.031154 7f9cde638640                Options.paranoid_file_checks: 0
2021/03/15-17:40:26.031156 7f9cde638640                Options.force_consistency_checks: 1
2021/03/15-17:40:26.031157 7f9cde638640                Options.report_bg_io_stats: 0
2021/03/15-17:40:26.031158 7f9cde638640                               Options.ttl: 2592000
2021/03/15-17:40:26.031160 7f9cde638640          Options.periodic_compaction_seconds: 0
2021/03/15-17:40:26.031162 7f9cde638640                    Options.enable_blob_files: false
2021/03/15-17:40:26.031164 7f9cde638640                        Options.min_blob_size: 0
2021/03/15-17:40:26.031165 7f9cde638640                       Options.blob_file_size: 268435456
2021/03/15-17:40:26.031167 7f9cde638640                Options.blob_compression_type: NoCompression
2021/03/15-17:40:26.031169 7f9cde638640       Options.enable_blob_garbage_collection: false
2021/03/15-17:40:26.031170 7f9cde638640   Options.blob_garbage_collection_age_cutoff: 0.250000
2021/03/15-17:40:26.031275 7f9cde638640 [/column_family.cc:597] --------------- Options for column family [b]:
2021/03/15-17:40:26.031281 7f9cde638640               Options.comparator: leveldb.BytewiseComparator
2021/03/15-17:40:26.031283 7f9cde638640           Options.merge_operator: None
2021/03/15-17:40:26.031285 7f9cde638640        Options.compaction_filter: None
2021/03/15-17:40:26.031286 7f9cde638640        Options.compaction_filter_factory: None
2021/03/15-17:40:26.031288 7f9cde638640  Options.sst_partitioner_factory: None
2021/03/15-17:40:26.031309 7f9cde638640         Options.memtable_factory: SkipListFactory
2021/03/15-17:40:26.031311 7f9cde638640            Options.table_factory: BlockBasedTable
2021/03/15-17:40:26.031337 7f9cde638640            table_factory options:   flush_block_policy_factory: FlushBlockBySizePolicyFactory (0x7f9cd91c7fe0)
  cache_index_and_filter_blocks: 1
  cache_index_and_filter_blocks_with_high_priority: 1
  pin_l0_filter_and_index_blocks_in_cache: 1
  pin_top_level_index_and_filter: 1
  index_type: 0
  data_block_index_type: 0
  index_shortening: 1
  data_block_hash_table_util_ratio: 0.750000
  hash_index_allow_collision: 1
  checksum: 1
  no_block_cache: 0
  block_cache: 0x7f9cd91c70e0
  block_cache_name: LRUCache
  block_cache_options:
    capacity : 8388608
    num_shard_bits : 4
    strict_capacity_limit : 0
    memory_allocator : None
    high_pri_pool_ratio: 0.000
  block_cache_compressed: (nil)
  persistent_cache: (nil)
  block_size: 16384
  block_size_deviation: 10
  block_restart_interval: 16
  index_block_restart_interval: 1
  metadata_block_size: 4096
  partition_filters: 0
  use_delta_encoding: 1
  filter_policy: rocksdb.BuiltinBloomFilter
  whole_key_filtering: 1
  verify_compression: 0
  read_amp_bytes_per_bit: 0
  format_version: 4
  enable_index_compression: 1
  block_align: 0
2021/03/15-17:40:26.031340 7f9cde638640        Options.write_buffer_size: 67108864
2021/03/15-17:40:26.031341 7f9cde638640  Options.max_write_buffer_number: 2
2021/03/15-17:40:26.031343 7f9cde638640          Options.compression: LZ4
2021/03/15-17:40:26.031345 7f9cde638640                  Options.bottommost_compression: ZSTD
2021/03/15-17:40:26.031346 7f9cde638640       Options.prefix_extractor: nullptr
2021/03/15-17:40:26.031348 7f9cde638640   Options.memtable_insert_with_hint_prefix_extractor: nullptr
2021/03/15-17:40:26.031349 7f9cde638640             Options.num_levels: 7
2021/03/15-17:40:26.031350 7f9cde638640        Options.min_write_buffer_number_to_merge: 1
2021/03/15-17:40:26.031351 7f9cde638640     Options.max_write_buffer_number_to_maintain: 0
2021/03/15-17:40:26.031353 7f9cde638640     Options.max_write_buffer_size_to_maintain: 0
2021/03/15-17:40:26.031354 7f9cde638640            Options.bottommost_compression_opts.window_bits: -14
2021/03/15-17:40:26.031356 7f9cde638640                  Options.bottommost_compression_opts.level: 32767
2021/03/15-17:40:26.031357 7f9cde638640               Options.bottommost_compression_opts.strategy: 0
2021/03/15-17:40:26.031358 7f9cde638640         Options.bottommost_compression_opts.max_dict_bytes: 0
2021/03/15-17:40:26.031360 7f9cde638640         Options.bottommost_compression_opts.zstd_max_train_bytes: 0
2021/03/15-17:40:26.031361 7f9cde638640         Options.bottommost_compression_opts.parallel_threads: 1
2021/03/15-17:40:26.031362 7f9cde638640                  Options.bottommost_compression_opts.enabled: false
2021/03/15-17:40:26.031364 7f9cde638640            Options.compression_opts.window_bits: -14
