2021/02/23-08:58:11.821763 7f9544efd700 RocksDB version: 6.11.4
2021/02/23-08:58:11.821827 7f9544efd700 Git sha rocksdb_build_git_sha:
2021/02/23-08:58:11.821834 7f9544efd700 Compile date Jul 27 2020
2021/02/23-08:58:11.821845 7f9544efd700 DB SUMMARY
2021/02/23-08:58:11.821895 7f9544efd700 CURRENT file:  CURRENT
2021/02/23-08:58:11.821900 7f9544efd700 IDENTITY file:  IDENTITY
2021/02/23-08:58:11.821909 7f9544efd700 MANIFEST file:  MANIFEST-000004 size: 575 Bytes
2021/02/23-08:58:11.821914 7f9544efd700 SST files in /root/.mantis/pottery/rocksdb/ dir, Total Num: 0, files: 
2021/02/23-08:58:11.821946 7f9544efd700 Write Ahead Log file in /root/.mantis/pottery/rocksdb: 000003.log size: 812 ; 
2021/02/23-08:58:11.821952 7f9544efd700                         Options.error_if_exists: 0
2021/02/23-08:58:11.821955 7f9544efd700                       Options.create_if_missing: 1
2021/02/23-08:58:11.821957 7f9544efd700                         Options.paranoid_checks: 1
2021/02/23-08:58:11.821960 7f9544efd700                                     Options.env: 0x7f94fa1f9100
2021/02/23-08:58:11.821963 7f9544efd700                                      Options.fs: Posix File System
2021/02/23-08:58:11.821965 7f9544efd700                                Options.info_log: 0x7f954143b9d0
2021/02/23-08:58:11.821968 7f9544efd700                Options.max_file_opening_threads: 16
2021/02/23-08:58:11.821970 7f9544efd700                              Options.statistics: (nil)
2021/02/23-08:58:11.821973 7f9544efd700                               Options.use_fsync: 0
2021/02/23-08:58:11.821975 7f9544efd700                       Options.max_log_file_size: 0
2021/02/23-08:58:11.821977 7f9544efd700                  Options.max_manifest_file_size: 1073741824
2021/02/23-08:58:11.821980 7f9544efd700                   Options.log_file_time_to_roll: 0
2021/02/23-08:58:11.821982 7f9544efd700                       Options.keep_log_file_num: 1000
2021/02/23-08:58:11.821984 7f9544efd700                    Options.recycle_log_file_num: 0
2021/02/23-08:58:11.821987 7f9544efd700                         Options.allow_fallocate: 1
2021/02/23-08:58:11.821989 7f9544efd700                        Options.allow_mmap_reads: 0
2021/02/23-08:58:11.821991 7f9544efd700                       Options.allow_mmap_writes: 0
2021/02/23-08:58:11.821993 7f9544efd700                        Options.use_direct_reads: 0
2021/02/23-08:58:11.821996 7f9544efd700                        Options.use_direct_io_for_flush_and_compaction: 0
2021/02/23-08:58:11.821998 7f9544efd700          Options.create_missing_column_families: 1
2021/02/23-08:58:11.822001 7f9544efd700                              Options.db_log_dir: 
2021/02/23-08:58:11.822003 7f9544efd700                                 Options.wal_dir: /root/.mantis/pottery/rocksdb
2021/02/23-08:58:11.822005 7f9544efd700                Options.table_cache_numshardbits: 6
2021/02/23-08:58:11.822008 7f9544efd700                      Options.max_subcompactions: 1
2021/02/23-08:58:11.822010 7f9544efd700                         Options.WAL_ttl_seconds: 0
2021/02/23-08:58:11.822013 7f9544efd700                       Options.WAL_size_limit_MB: 0
2021/02/23-08:58:11.822015 7f9544efd700                        Options.max_write_batch_group_size_bytes: 1048576
2021/02/23-08:58:11.822017 7f9544efd700             Options.manifest_preallocation_size: 4194304
2021/02/23-08:58:11.822019 7f9544efd700                     Options.is_fd_close_on_exec: 1
2021/02/23-08:58:11.822022 7f9544efd700                   Options.advise_random_on_open: 1
2021/02/23-08:58:11.822024 7f9544efd700                    Options.db_write_buffer_size: 0
2021/02/23-08:58:11.822026 7f9544efd700                    Options.write_buffer_manager: 0x7f954143b940
2021/02/23-08:58:11.822028 7f9544efd700         Options.access_hint_on_compaction_start: 1
2021/02/23-08:58:11.822030 7f9544efd700  Options.new_table_reader_for_compaction_inputs: 0
2021/02/23-08:58:11.822032 7f9544efd700           Options.random_access_max_buffer_size: 1048576
2021/02/23-08:58:11.822035 7f9544efd700                      Options.use_adaptive_mutex: 0
2021/02/23-08:58:11.822037 7f9544efd700                            Options.rate_limiter: (nil)
2021/02/23-08:58:11.822057 7f9544efd700     Options.sst_file_manager.rate_bytes_per_sec: 0
2021/02/23-08:58:11.822060 7f9544efd700                       Options.wal_recovery_mode: 2
2021/02/23-08:58:11.822063 7f9544efd700                  Options.enable_thread_tracking: 0
2021/02/23-08:58:11.822065 7f9544efd700                  Options.enable_pipelined_write: 0
2021/02/23-08:58:11.822067 7f9544efd700                  Options.unordered_write: 0
2021/02/23-08:58:11.822070 7f9544efd700         Options.allow_concurrent_memtable_write: 1
2021/02/23-08:58:11.822072 7f9544efd700      Options.enable_write_thread_adaptive_yield: 1
2021/02/23-08:58:11.822075 7f9544efd700             Options.write_thread_max_yield_usec: 100
2021/02/23-08:58:11.822077 7f9544efd700            Options.write_thread_slow_yield_usec: 3
2021/02/23-08:58:11.822079 7f9544efd700                               Options.row_cache: None
2021/02/23-08:58:11.822082 7f9544efd700                              Options.wal_filter: None
2021/02/23-08:58:11.822084 7f9544efd700             Options.avoid_flush_during_recovery: 0
2021/02/23-08:58:11.822086 7f9544efd700             Options.allow_ingest_behind: 0
2021/02/23-08:58:11.822088 7f9544efd700             Options.preserve_deletes: 0
2021/02/23-08:58:11.822091 7f9544efd700             Options.two_write_queues: 0
2021/02/23-08:58:11.822093 7f9544efd700             Options.manual_wal_flush: 0
2021/02/23-08:58:11.822095 7f9544efd700             Options.atomic_flush: 0
2021/02/23-08:58:11.822097 7f9544efd700             Options.avoid_unnecessary_blocking_io: 0
2021/02/23-08:58:11.822099 7f9544efd700                 Options.persist_stats_to_disk: 0
2021/02/23-08:58:11.822102 7f9544efd700                 Options.write_dbid_to_manifest: 0
2021/02/23-08:58:11.822104 7f9544efd700                 Options.log_readahead_size: 0
2021/02/23-08:58:11.822106 7f9544efd700                 Options.file_checksum_gen_factory: Unknown
2021/02/23-08:58:11.822108 7f9544efd700                 Options.best_efforts_recovery: 0
2021/02/23-08:58:11.822112 7f9544efd700             Options.max_background_jobs: 1
2021/02/23-08:58:11.822115 7f9544efd700             Options.max_background_compactions: -1
2021/02/23-08:58:11.822117 7f9544efd700             Options.avoid_flush_during_shutdown: 0
2021/02/23-08:58:11.822119 7f9544efd700           Options.writable_file_max_buffer_size: 1048576
2021/02/23-08:58:11.822121 7f9544efd700             Options.delayed_write_rate : 16777216
2021/02/23-08:58:11.822124 7f9544efd700             Options.max_total_wal_size: 0
2021/02/23-08:58:11.822126 7f9544efd700             Options.delete_obsolete_files_period_micros: 21600000000
2021/02/23-08:58:11.822128 7f9544efd700                   Options.stats_dump_period_sec: 600
2021/02/23-08:58:11.822131 7f9544efd700                 Options.stats_persist_period_sec: 600
2021/02/23-08:58:11.822133 7f9544efd700                 Options.stats_history_buffer_size: 1048576
2021/02/23-08:58:11.822135 7f9544efd700                          Options.max_open_files: 32
2021/02/23-08:58:11.822137 7f9544efd700                          Options.bytes_per_sync: 0
2021/02/23-08:58:11.822140 7f9544efd700                      Options.wal_bytes_per_sync: 0
2021/02/23-08:58:11.822142 7f9544efd700                   Options.strict_bytes_per_sync: 0
2021/02/23-08:58:11.822144 7f9544efd700       Options.compaction_readahead_size: 0
2021/02/23-08:58:11.822146 7f9544efd700                  Options.max_background_flushes: -1
2021/02/23-08:58:11.822149 7f9544efd700 Compression algorithms supported:
2021/02/23-08:58:11.822151 7f9544efd700 	kZSTDNotFinalCompression supported: 1
2021/02/23-08:58:11.822161 7f9544efd700 	kZSTD supported: 1
2021/02/23-08:58:11.822164 7f9544efd700 	kXpressCompression supported: 0
2021/02/23-08:58:11.822167 7f9544efd700 	kLZ4HCCompression supported: 1
2021/02/23-08:58:11.822170 7f9544efd700 	kLZ4Compression supported: 1
2021/02/23-08:58:11.822172 7f9544efd700 	kBZip2Compression supported: 1
2021/02/23-08:58:11.822174 7f9544efd700 	kZlibCompression supported: 1
2021/02/23-08:58:11.822188 7f9544efd700 	kSnappyCompression supported: 1
2021/02/23-08:58:11.822197 7f9544efd700 Fast CRC32 supported: Not supported on x86
2021/02/23-08:58:11.822382 7f9544efd700 [/version_set.cc:4555] Recovering from manifest file: /root/.mantis/pottery/rocksdb/MANIFEST-000004
2021/02/23-08:58:11.822639 7f9544efd700 [/column_family.cc:579] --------------- Options for column family [default]:
2021/02/23-08:58:11.822646 7f9544efd700               Options.comparator: leveldb.BytewiseComparator
2021/02/23-08:58:11.822649 7f9544efd700           Options.merge_operator: None
2021/02/23-08:58:11.822651 7f9544efd700        Options.compaction_filter: None
2021/02/23-08:58:11.822653 7f9544efd700        Options.compaction_filter_factory: None
2021/02/23-08:58:11.822655 7f9544efd700         Options.memtable_factory: SkipListFactory
2021/02/23-08:58:11.822658 7f9544efd700            Options.table_factory: BlockBasedTable
2021/02/23-08:58:11.822690 7f9544efd700            table_factory options:   flush_block_policy_factory: FlushBlockBySizePolicyFactory (0x7f95414a7f30)
  cache_index_and_filter_blocks: 1
  cache_index_and_filter_blocks_with_high_priority: 0
  pin_l0_filter_and_index_blocks_in_cache: 1
  pin_top_level_index_and_filter: 1
  index_type: 0
  data_block_index_type: 0
  index_shortening: 1
  data_block_hash_table_util_ratio: 0.750000
  hash_index_allow_collision: 1
  checksum: 1
  no_block_cache: 0
  block_cache: 0x7f95414a7f70
  block_cache_name: LRUCache
  block_cache_options:
    capacity : 8388608
    num_shard_bits : 4
    strict_capacity_limit : 0
    memory_allocator : None
    high_pri_pool_ratio: 0.000
  block_cache_compressed: (nil)
  persistent_cache: (nil)
  block_size: 16384
  block_size_deviation: 10
  block_restart_interval: 16
  index_block_restart_interval: 1
  metadata_block_size: 4096
  partition_filters: 0
  use_delta_encoding: 1
  filter_policy: rocksdb.BuiltinBloomFilter
  whole_key_filtering: 1
  verify_compression: 1
  read_amp_bytes_per_bit: 0
  format_version: 2
  enable_index_compression: 1
  block_align: 0
2021/02/23-08:58:11.822693 7f9544efd700        Options.write_buffer_size: 67108864
2021/02/23-08:58:11.822696 7f9544efd700  Options.max_write_buffer_number: 2
2021/02/23-08:58:11.822699 7f9544efd700          Options.compression: LZ4
2021/02/23-08:58:11.822702 7f9544efd700                  Options.bottommost_compression: ZSTD
2021/02/23-08:58:11.822704 7f9544efd700       Options.prefix_extractor: nullptr
2021/02/23-08:58:11.822707 7f9544efd700   Options.memtable_insert_with_hint_prefix_extractor: nullptr
2021/02/23-08:58:11.822709 7f9544efd700             Options.num_levels: 7
2021/02/23-08:58:11.822711 7f9544efd700        Options.min_write_buffer_number_to_merge: 1
2021/02/23-08:58:11.822713 7f9544efd700     Options.max_write_buffer_number_to_maintain: 0
2021/02/23-08:58:11.822715 7f9544efd700     Options.max_write_buffer_size_to_maintain: 0
2021/02/23-08:58:11.822717 7f9544efd700            Options.bottommost_compression_opts.window_bits: -14
2021/02/23-08:58:11.822720 7f9544efd700                  Options.bottommost_compression_opts.level: 32767
2021/02/23-08:58:11.822722 7f9544efd700               Options.bottommost_compression_opts.strategy: 0
2021/02/23-08:58:11.822724 7f9544efd700         Options.bottommost_compression_opts.max_dict_bytes: 0
2021/02/23-08:58:11.822726 7f9544efd700         Options.bottommost_compression_opts.zstd_max_train_bytes: 0
2021/02/23-08:58:11.822728 7f9544efd700         Options.bottommost_compression_opts.parallel_threads: 1
2021/02/23-08:58:11.822730 7f9544efd700                  Options.bottommost_compression_opts.enabled: false
2021/02/23-08:58:11.822732 7f9544efd700            Options.compression_opts.window_bits: -14
2021/02/23-08:58:11.822735 7f9544efd700                  Options.compression_opts.level: 32767
2021/02/23-08:58:11.822737 7f9544efd700               Options.compression_opts.strategy: 0
2021/02/23-08:58:11.822739 7f9544efd700         Options.compression_opts.max_dict_bytes: 0
2021/02/23-08:58:11.822741 7f9544efd700         Options.compression_opts.zstd_max_train_bytes: 0
2021/02/23-08:58:11.822758 7f9544efd700         Options.compression_opts.parallel_threads: 1
2021/02/23-08:58:11.822761 7f9544efd700                  Options.compression_opts.enabled: false
2021/02/23-08:58:11.822764 7f9544efd700      Options.level0_file_num_compaction_trigger: 4
2021/02/23-08:58:11.822766 7f9544efd700          Options.level0_slowdown_writes_trigger: 20
2021/02/23-08:58:11.822768 7f9544efd700              Options.level0_stop_writes_trigger: 36
2021/02/23-08:58:11.822770 7f9544efd700                   Options.target_file_size_base: 67108864
2021/02/23-08:58:11.822772 7f9544efd700             Options.target_file_size_multiplier: 1
2021/02/23-08:58:11.822774 7f9544efd700                Options.max_bytes_for_level_base: 268435456
2021/02/23-08:58:11.822776 7f9544efd700 Options.level_compaction_dynamic_level_bytes: 1
2021/02/23-08:58:11.822779 7f9544efd700          Options.max_bytes_for_level_multiplier: 10.000000
2021/02/23-08:58:11.822782 7f9544efd700 Options.max_bytes_for_level_multiplier_addtl[0]: 1
2021/02/23-08:58:11.822785 7f9544efd700 Options.max_bytes_for_level_multiplier_addtl[1]: 1
2021/02/23-08:58:11.822787 7f9544efd700 Options.max_bytes_for_level_multiplier_addtl[2]: 1
2021/02/23-08:58:11.822789 7f9544efd700 Options.max_bytes_for_level_multiplier_addtl[3]: 1
2021/02/23-08:58:11.822792 7f9544efd700 Options.max_bytes_for_level_multiplier_addtl[4]: 1
2021/02/23-08:58:11.822794 7f9544efd700 Options.max_bytes_for_level_multiplier_addtl[5]: 1
2021/02/23-08:58:11.822796 7f9544efd700 Options.max_bytes_for_level_multiplier_addtl[6]: 1
2021/02/23-08:58:11.822798 7f9544efd700       Options.max_sequential_skip_in_iterations: 8
2021/02/23-08:58:11.822800 7f9544efd700                    Options.max_compaction_bytes: 1677721600
2021/02/23-08:58:11.822803 7f9544efd700                        Options.arena_block_size: 8388608
2021/02/23-08:58:11.822805 7f9544efd700   Options.soft_pending_compaction_bytes_limit: 68719476736
2021/02/23-08:58:11.822807 7f9544efd700   Options.hard_pending_compaction_bytes_limit: 274877906944
2021/02/23-08:58:11.822810 7f9544efd700       Options.rate_limit_delay_max_milliseconds: 100
2021/02/23-08:58:11.822812 7f9544efd700                Options.disable_auto_compactions: 0
2021/02/23-08:58:11.822815 7f9544efd700                        Options.compaction_style: kCompactionStyleLevel
2021/02/23-08:58:11.822817 7f9544efd700                          Options.compaction_pri: kMinOverlappingRatio
2021/02/23-08:58:11.822819 7f9544efd700 Options.compaction_options_universal.size_ratio: 1
2021/02/23-08:58:11.822822 7f9544efd700 Options.compaction_options_universal.min_merge_width: 2
2021/02/23-08:58:11.822824 7f9544efd700 Options.compaction_options_universal.max_merge_width: 4294967295
2021/02/23-08:58:11.822826 7f9544efd700 Options.compaction_options_universal.max_size_amplification_percent: 200
2021/02/23-08:58:11.822829 7f9544efd700 Options.compaction_options_universal.compression_size_percent: -1
2021/02/23-08:58:11.822831 7f9544efd700 Options.compaction_options_universal.stop_style: kCompactionStopStyleTotalSize
2021/02/23-08:58:11.822834 7f9544efd700 Options.compaction_options_fifo.max_table_files_size: 1073741824
2021/02/23-08:58:11.822836 7f9544efd700 Options.compaction_options_fifo.allow_compaction: 0
2021/02/23-08:58:11.822845 7f9544efd700                   Options.table_properties_collectors: 
2021/02/23-08:58:11.822848 7f9544efd700                   Options.inplace_update_support: 0
2021/02/23-08:58:11.822850 7f9544efd700                 Options.inplace_update_num_locks: 10000
2021/02/23-08:58:11.822852 7f9544efd700               Options.memtable_prefix_bloom_size_ratio: 0.000000
2021/02/23-08:58:11.822855 7f9544efd700               Options.memtable_whole_key_filtering: 0
2021/02/23-08:58:11.822857 7f9544efd700   Options.memtable_huge_page_size: 0
2021/02/23-08:58:11.822860 7f9544efd700                           Options.bloom_locality: 0
2021/02/23-08:58:11.822862 7f9544efd700                    Options.max_successive_merges: 0
2021/02/23-08:58:11.822875 7f9544efd700                Options.optimize_filters_for_hits: 0
2021/02/23-08:58:11.822878 7f9544efd700                Options.paranoid_file_checks: 0
2021/02/23-08:58:11.822880 7f9544efd700                Options.force_consistency_checks: 0
2021/02/23-08:58:11.822882 7f9544efd700                Options.report_bg_io_stats: 0
2021/02/23-08:58:11.822884 7f9544efd700                               Options.ttl: 2592000
2021/02/23-08:58:11.822887 7f9544efd700          Options.periodic_compaction_seconds: 0
2021/02/23-08:58:11.823025 7f9544efd700 [/column_family.cc:579] --------------- Options for column family [r]:
2021/02/23-08:58:11.823030 7f9544efd700               Options.comparator: leveldb.BytewiseComparator
2021/02/23-08:58:11.823032 7f9544efd700           Options.merge_operator: None
2021/02/23-08:58:11.823034 7f9544efd700        Options.compaction_filter: None
2021/02/23-08:58:11.823037 7f9544efd700        Options.compaction_filter_factory: None
2021/02/23-08:58:11.823039 7f9544efd700         Options.memtable_factory: SkipListFactory
2021/02/23-08:58:11.823041 7f9544efd700            Options.table_factory: BlockBasedTable
2021/02/23-08:58:11.823066 7f9544efd700            table_factory options:   flush_block_policy_factory: FlushBlockBySizePolicyFactory (0x7f95414a7f30)
  cache_index_and_filter_blocks: 1
  cache_index_and_filter_blocks_with_high_priority: 0
  pin_l0_filter_and_index_blocks_in_cache: 1
  pin_top_level_index_and_filter: 1
  index_type: 0
  data_block_index_type: 0
  index_shortening: 1
  data_block_hash_table_util_ratio: 0.750000
  hash_index_allow_collision: 1
  checksum: 1
  no_block_cache: 0
  block_cache: 0x7f95414a7f70
  block_cache_name: LRUCache
  block_cache_options:
    capacity : 8388608
    num_shard_bits : 4
    strict_capacity_limit : 0
    memory_allocator : None
    high_pri_pool_ratio: 0.000
  block_cache_compressed: (nil)
  persistent_cache: (nil)
  block_size: 16384
  block_size_deviation: 10
  block_restart_interval: 16
  index_block_restart_interval: 1
  metadata_block_size: 4096
  partition_filters: 0
  use_delta_encoding: 1
  filter_policy: rocksdb.BuiltinBloomFilter
  whole_key_filtering: 1
  verify_compression: 1
  read_amp_bytes_per_bit: 0
  format_version: 2
  enable_index_compression: 1
  block_align: 0
2021/02/23-08:58:11.823069 7f9544efd700        Options.write_buffer_size: 67108864
2021/02/23-08:58:11.823072 7f9544efd700  Options.max_write_buffer_number: 2
2021/02/23-08:58:11.823074 7f9544efd700          Options.compression: LZ4
2021/02/23-08:58:11.823077 7f9544efd700                  Options.bottommost_compression: ZSTD
2021/02/23-08:58:11.823079 7f9544efd700       Options.prefix_extractor: nullptr
2021/02/23-08:58:11.823081 7f9544efd700   Options.memtable_insert_with_hint_prefix_extractor: nullptr
2021/02/23-08:58:11.823084 7f9544efd700             Options.num_levels: 7
2021/02/23-08:58:11.823086 7f9544efd700        Options.min_write_buffer_number_to_merge: 1
2021/02/23-08:58:11.823088 7f9544efd700     Options.max_write_buffer_number_to_maintain: 0
2021/02/23-08:58:11.823090 7f9544efd700     Options.max_write_buffer_size_to_maintain: 0
2021/02/23-08:58:11.823092 7f9544efd700            Options.bottommost_compression_opts.window_bits: -14
2021/02/23-08:58:11.823094 7f9544efd700                  Options.bottommost_compression_opts.level: 32767
2021/02/23-08:58:11.823096 7f9544efd700               Options.bottommost_compression_opts.strategy: 0
2021/02/23-08:58:11.823097 7f9544efd700         Options.bottommost_compression_opts.max_dict_bytes: 0
2021/02/23-08:58:11.823099 7f9544efd700         Options.bottommost_compression_opts.zstd_max_train_bytes: 0
2021/02/23-08:58:11.823101 7f9544efd700         Options.bottommost_compression_opts.parallel_threads: 1
2021/02/23-08:58:11.823103 7f9544efd700                  Options.bottommost_compression_opts.enabled: false
2021/02/23-08:58:11.823105 7f9544efd700            Options.compression_opts.window_bits: -14
2021/02/23-08:58:11.823107 7f9544efd700                  Options.compression_opts.level: 32767
2021/02/23-08:58:11.823124 7f9544efd700               Options.compression_opts.strategy: 0
2021/02/23-08:58:11.823127 7f9544efd700         Options.compression_opts.max_dict_bytes: 0
2021/02/23-08:58:11.823129 7f9544efd700         Options.compression_opts.zstd_max_train_bytes: 0
2021/02/23-08:58:11.823132 7f9544efd700         Options.compression_opts.parallel_threads: 1
2021/02/23-08:58:11.823134 7f9544efd700                  Options.compression_opts.enabled: false
2021/02/23-08:58:11.823136 7f9544efd700      Options.level0_file_num_compaction_trigger: 4
2021/02/23-08:58:11.823139 7f9544efd700          Options.level0_slowdown_writes_trigger: 20
2021/02/23-08:58:11.823141 7f9544efd700              Options.level0_stop_writes_trigger: 36
2021/02/23-08:58:11.823143 7f9544efd700                   Options.target_file_size_base: 67108864
2021/02/23-08:58:11.823145 7f9544efd700             Options.target_file_size_multiplier: 1
2021/02/23-08:58:11.823147 7f9544efd700                Options.max_bytes_for_level_base: 268435456
2021/02/23-08:58:11.823150 7f9544efd700 Options.level_compaction_dynamic_level_bytes: 1
2021/02/23-08:58:11.823152 7f9544efd700          Options.max_bytes_for_level_multiplier: 10.000000
2021/02/23-08:58:11.823155 7f9544efd700 Options.max_bytes_for_level_multiplier_addtl[0]: 1
2021/02/23-08:58:11.823158 7f9544efd700 Options.max_bytes_for_level_multiplier_addtl[1]: 1
2021/02/23-08:58:11.823160 7f9544efd700 Options.max_bytes_for_level_multiplier_addtl[2]: 1
2021/02/23-08:58:11.823162 7f9544efd700 Options.max_bytes_for_level_multiplier_addtl[3]: 1
2021/02/23-08:58:11.823164 7f9544efd700 Options.max_bytes_for_level_multiplier_addtl[4]: 1
2021/02/23-08:58:11.823166 7f9544efd700 Options.max_bytes_for_level_multiplier_addtl[5]: 1
2021/02/23-08:58:11.823168 7f9544efd700 Options.max_bytes_for_level_multiplier_addtl[6]: 1
2021/02/23-08:58:11.823170 7f9544efd700       Options.max_sequential_skip_in_iterations: 8
2021/02/23-08:58:11.823173 7f9544efd700                    Options.max_compaction_bytes: 1677721600
2021/02/23-08:58:11.823175 7f9544efd700                        Options.arena_block_size: 8388608
2021/02/23-08:58:11.823177 7f9544efd700   Options.soft_pending_compaction_bytes_limit: 68719476736
2021/02/23-08:58:11.823179 7f9544efd700   Options.hard_pending_compaction_bytes_limit: 274877906944
2021/02/23-08:58:11.823181 7f9544efd700       Options.rate_limit_delay_max_milliseconds: 100
2021/02/23-08:58:11.823183 7f9544efd700                Options.disable_auto_compactions: 0
2021/02/23-08:58:11.823186 7f9544efd700                        Options.compaction_style: kCompactionStyleLevel
2021/02/23-08:58:11.823189 7f9544efd700                          Options.compaction_pri: kMinOverlappingRatio
2021/02/23-08:58:11.823191 7f9544efd700 Options.compaction_options_universal.size_ratio: 1
2021/02/23-08:58:11.823193 7f9544efd700 Options.compaction_options_universal.min_merge_width: 2
2021/02/23-08:58:11.823195 7f9544efd700 Options.compaction_options_universal.max_merge_width: 4294967295
2021/02/23-08:58:11.823197 7f9544efd700 Options.compaction_options_universal.max_size_amplification_percent: 200
2021/02/23-08:58:11.823199 7f9544efd700 Options.compaction_options_universal.compression_size_percent: -1
2021/02/23-08:58:11.823202 7f9544efd700 Options.compaction_options_universal.stop_style: kCompactionStopStyleTotalSize
2021/02/23-08:58:11.823204 7f9544efd700 Options.compaction_options_fifo.max_table_files_size: 1073741824
2021/02/23-08:58:11.823206 7f9544efd700 Options.compaction_options_fifo.allow_compaction: 0
2021/02/23-08:58:11.823212 7f9544efd700                   Options.table_properties_collectors: 
2021/02/23-08:58:11.823215 7f9544efd700                   Options.inplace_update_support: 0
2021/02/23-08:58:11.823217 7f9544efd700                 Options.inplace_update_num_locks: 10000
2021/02/23-08:58:11.823220 7f9544efd700               Options.memtable_prefix_bloom_size_ratio: 0.000000
2021/02/23-08:58:11.823222 7f9544efd700               Options.memtable_whole_key_filtering: 0
2021/02/23-08:58:11.823225 7f9544efd700   Options.memtable_huge_page_size: 0
2021/02/23-08:58:11.823245 7f9544efd700                           Options.bloom_locality: 0
2021/02/23-08:58:11.823248 7f9544efd700                    Options.max_successive_merges: 0
2021/02/23-08:58:11.823250 7f9544efd700                Options.optimize_filters_for_hits: 0
2021/02/23-08:58:11.823252 7f9544efd700                Options.paranoid_file_checks: 0
2021/02/23-08:58:11.823254 7f9544efd700                Options.force_consistency_checks: 0
2021/02/23-08:58:11.823256 7f9544efd700                Options.report_bg_io_stats: 0
2021/02/23-08:58:11.823257 7f9544efd700                               Options.ttl: 2592000
2021/02/23-08:58:11.823259 7f9544efd700          Options.periodic_compaction_seconds: 0
2021/02/23-08:58:11.823307 7f9544efd700 [/column_family.cc:579] --------------- Options for column family [h]:
2021/02/23-08:58:11.823313 7f9544efd700               Options.comparator: leveldb.BytewiseComparator
2021/02/23-08:58:11.823315 7f9544efd700           Options.merge_operator: None
2021/02/23-08:58:11.823317 7f9544efd700        Options.compaction_filter: None
2021/02/23-08:58:11.823319 7f9544efd700        Options.compaction_filter_factory: None
2021/02/23-08:58:11.823322 7f9544efd700         Options.memtable_factory: SkipListFactory
2021/02/23-08:58:11.823324 7f9544efd700            Options.table_factory: BlockBasedTable
2021/02/23-08:58:11.823352 7f9544efd700            table_factory options:   flush_block_policy_factory: FlushBlockBySizePolicyFactory (0x7f95414a7f30)
  cache_index_and_filter_blocks: 1
  cache_index_and_filter_blocks_with_high_priority: 0
  pin_l0_filter_and_index_blocks_in_cache: 1
  pin_top_level_index_and_filter: 1
  index_type: 0
  data_block_index_type: 0
  index_shortening: 1
  data_block_hash_table_util_ratio: 0.750000
  hash_index_allow_collision: 1
  checksum: 1
  no_block_cache: 0
  block_cache: 0x7f95414a7f70
  block_cache_name: LRUCache
  block_cache_options:
    capacity : 8388608
    num_shard_bits : 4
    strict_capacity_limit : 0
    memory_allocator : None
    high_pri_pool_ratio: 0.000
  block_cache_compressed: (nil)
  persistent_cache: (nil)
  block_size: 16384
  block_size_deviation: 10
  block_restart_interval: 16
  index_block_restart_interval: 1
  metadata_block_size: 4096
  partition_filters: 0
  use_delta_encoding: 1
  filter_policy: rocksdb.BuiltinBloomFilter
  whole_key_filtering: 1
  verify_compression: 1
  read_amp_bytes_per_bit: 0
  format_version: 2
  enable_index_compression: 1
  block_align: 0
2021/02/23-08:58:11.823355 7f9544efd700        Options.write_buffer_size: 67108864
2021/02/23-08:58:11.823357 7f9544efd700  Options.max_write_buffer_number: 2
2021/02/23-08:58:11.823360 7f9544efd700          Options.compression: LZ4
2021/02/23-08:58:11.823363 7f9544efd700                  Options.bottommost_compression: ZSTD
2021/02/23-08:58:11.823366 7f9544efd700       Options.prefix_extractor: nullptr
2021/02/23-08:58:11.823368 7f9544efd700   Options.memtable_insert_with_hint_prefix_extractor: nullptr
2021/02/23-08:58:11.823370 7f9544efd700             Options.num_levels: 7
2021/02/23-08:58:11.823372 7f9544efd700        Options.min_write_buffer_number_to_merge: 1
2021/02/23-08:58:11.823375 7f9544efd700     Options.max_write_buffer_number_to_maintain: 0
2021/02/23-08:58:11.823377 7f9544efd700     Options.max_write_buffer_size_to_maintain: 0
2021/02/23-08:58:11.823379 7f9544efd700            Options.bottommost_compression_opts.window_bits: -14
2021/02/23-08:58:11.823381 7f9544efd700                  Options.bottommost_compression_opts.level: 32767
2021/02/23-08:58:11.823383 7f9544efd700               Options.bottommost_compression_opts.strategy: 0
2021/02/23-08:58:11.823386 7f9544efd700         Options.bottommost_compression_opts.max_dict_bytes: 0
2021/02/23-08:58:11.823388 7f9544efd700         Options.bottommost_compression_opts.zstd_max_train_bytes: 0
2021/02/23-08:58:11.823390 7f9544efd700         Options.bottommost_compression_opts.parallel_threads: 1
2021/02/23-08:58:11.823393 7f9544efd700                  Options.bottommost_compression_opts.enabled: false
2021/02/23-08:58:11.823407 7f9544efd700            Options.compression_opts.window_bits: -14
2021/02/23-08:58:11.823410 7f9544efd700                  Options.compression_opts.level: 32767
2021/02/23-08:58:11.823413 7f9544efd700               Options.compression_opts.strategy: 0
2021/02/23-08:58:11.823415 7f9544efd700         Options.compression_opts.max_dict_bytes: 0
2021/02/23-08:58:11.823417 7f9544efd700         Options.compression_opts.zstd_max_train_bytes: 0
2021/02/23-08:58:11.823419 7f9544efd700         Options.compression_opts.parallel_threads: 1
2021/02/23-08:58:11.823422 7f9544efd700                  Options.compression_opts.enabled: false
2021/02/23-08:58:11.823424 7f9544efd700      Options.level0_file_num_compaction_trigger: 4
2021/02/23-08:58:11.823426 7f9544efd700          Options.level0_slowdown_writes_trigger: 20
2021/02/23-08:58:11.823428 7f9544efd700              Options.level0_stop_writes_trigger: 36
2021/02/23-08:58:11.823431 7f9544efd700                   Options.target_file_size_base: 67108864
2021/02/23-08:58:11.823433 7f9544efd700             Options.target_file_size_multiplier: 1
2021/02/23-08:58:11.823435 7f9544efd700                Options.max_bytes_for_level_base: 268435456
2021/02/23-08:58:11.823437 7f9544efd700 Options.level_compaction_dynamic_level_bytes: 1
2021/02/23-08:58:11.823439 7f9544efd700          Options.max_bytes_for_level_multiplier: 10.000000
2021/02/23-08:58:11.823443 7f9544efd700 Options.max_bytes_for_level_multiplier_addtl[0]: 1
2021/02/23-08:58:11.823445 7f9544efd700 Options.max_bytes_for_level_multiplier_addtl[1]: 1
2021/02/23-08:58:11.823448 7f9544efd700 Options.max_bytes_for_level_multiplier_addtl[2]: 1
2021/02/23-08:58:11.823450 7f9544efd700 Options.max_bytes_for_level_multiplier_addtl[3]: 1
2021/02/23-08:58:11.823452 7f9544efd700 Options.max_bytes_for_level_multiplier_addtl[4]: 1
2021/02/23-08:58:11.823454 7f9544efd700 Options.max_bytes_for_level_multiplier_addtl[5]: 1
2021/02/23-08:58:11.823456 7f9544efd700 Options.max_bytes_for_level_multiplier_addtl[6]: 1
2021/02/23-08:58:11.823458 7f9544efd700       Options.max_sequential_skip_in_iterations: 8
2021/02/23-08:58:11.823461 7f9544efd700                    Options.max_compaction_bytes: 1677721600
2021/02/23-08:58:11.823463 7f9544efd700                        Options.arena_block_size: 8388608
2021/02/23-08:58:11.823465 7f9544efd700   Options.soft_pending_compaction_bytes_limit: 68719476736
2021/02/23-08:58:11.823467 7f9544efd700   Options.hard_pending_compaction_bytes_limit: 274877906944
2021/02/23-08:58:11.823470 7f9544efd700       Options.rate_limit_delay_max_milliseconds: 100
2021/02/23-08:58:11.823472 7f9544efd700                Options.disable_auto_compactions: 0
2021/02/23-08:58:11.823474 7f9544efd700                        Options.compaction_style: kCompactionStyleLevel
2021/02/23-08:58:11.823477 7f9544efd700                          Options.compaction_pri: kMinOverlappingRatio
2021/02/23-08:58:11.823479 7f9544efd700 Options.compaction_options_universal.size_ratio: 1
2021/02/23-08:58:11.823482 7f9544efd700 Options.compaction_options_universal.min_merge_width: 2
2021/02/23-08:58:11.823484 7f9544efd700 Options.compaction_options_universal.max_merge_width: 4294967295
2021/02/23-08:58:11.823486 7f9544efd700 Options.compaction_options_universal.max_size_amplification_percent: 200
2021/02/23-08:58:11.823488 7f9544efd700 Options.compaction_options_universal.compression_size_percent: -1
2021/02/23-08:58:11.823491 7f9544efd700 Options.compaction_options_universal.stop_style: kCompactionStopStyleTotalSize
2021/02/23-08:58:11.823493 7f9544efd700 Options.compaction_options_fifo.max_table_files_size: 1073741824
2021/02/23-08:58:11.823495 7f9544efd700 Options.compaction_options_fifo.allow_compaction: 0
2021/02/23-08:58:11.823501 7f9544efd700                   Options.table_properties_collectors: 
2021/02/23-08:58:11.823504 7f9544efd700                   Options.inplace_update_support: 0
2021/02/23-08:58:11.823506 7f9544efd700                 Options.inplace_update_num_locks: 10000
2021/02/23-08:58:11.823518 7f9544efd700               Options.memtable_prefix_bloom_size_ratio: 0.000000
2021/02/23-08:58:11.823522 7f9544efd700               Options.memtable_whole_key_filtering: 0
2021/02/23-08:58:11.823525 7f9544efd700   Options.memtable_huge_page_size: 0
2021/02/23-08:58:11.823527 7f9544efd700                           Options.bloom_locality: 0
2021/02/23-08:58:11.823529 7f9544efd700                    Options.max_successive_merges: 0
2021/02/23-08:58:11.823531 7f9544efd700                Options.optimize_filters_for_hits: 0
2021/02/23-08:58:11.823534 7f9544efd700                Options.paranoid_file_checks: 0
2021/02/23-08:58:11.823536 7f9544efd700                Options.force_consistency_checks: 0
2021/02/23-08:58:11.823538 7f9544efd700                Options.report_bg_io_stats: 0
2021/02/23-08:58:11.823540 7f9544efd700                               Options.ttl: 2592000
2021/02/23-08:58:11.823542 7f9544efd700          Options.periodic_compaction_seconds: 0
2021/02/23-08:58:11.823586 7f9544efd700 [/column_family.cc:579] --------------- Options for column family [b]:
2021/02/23-08:58:11.823591 7f9544efd700               Options.comparator: leveldb.BytewiseComparator
2021/02/23-08:58:11.823593 7f9544efd700           Options.merge_operator: None
2021/02/23-08:58:11.823596 7f9544efd700        Options.compaction_filter: None
2021/02/23-08:58:11.823598 7f9544efd700        Options.compaction_filter_factory: None
2021/02/23-08:58:11.823600 7f9544efd700         Options.memtable_factory: SkipListFactory
2021/02/23-08:58:11.823602 7f9544efd700            Options.table_factory: BlockBasedTable
2021/02/23-08:58:11.823628 7f9544efd700            table_factory options:   flush_block_policy_factory: FlushBlockBySizePolicyFactory (0x7f95414a7f30)
  cache_index_and_filter_blocks: 1
  cache_index_and_filter_blocks_with_high_priority: 0
  pin_l0_filter_and_index_blocks_in_cache: 1
  pin_top_level_index_and_filter: 1
  index_type: 0
  data_block_index_type: 0
  index_shortening: 1
  data_block_hash_table_util_ratio: 0.750000
  hash_index_allow_collision: 1
  checksum: 1
  no_block_cache: 0
  block_cache: 0x7f95414a7f70
  block_cache_name: LRUCache
  block_cache_options:
    capacity : 8388608
    num_shard_bits : 4
    strict_capacity_limit : 0
    memory_allocator : None
    high_pri_pool_ratio: 0.000
  block_cache_compressed: (nil)
  persistent_cache: (nil)
  block_size: 16384
  block_size_deviation: 10
  block_restart_interval: 16
  index_block_restart_interval: 1
  metadata_block_size: 4096
  partition_filters: 0
  use_delta_encoding: 1
  filter_policy: rocksdb.BuiltinBloomFilter
  whole_key_filtering: 1
  verify_compression: 1
  read_amp_bytes_per_bit: 0
  format_version: 2
  enable_index_compression: 1
  block_align: 0
2021/02/23-08:58:11.823631 7f9544efd700        Options.write_buffer_size: 67108864
2021/02/23-08:58:11.823633 7f9544efd700  Options.max_write_buffer_number: 2
2021/02/23-08:58:11.823637 7f9544efd700          Options.compression: LZ4
2021/02/23-08:58:11.823640 7f9544efd700                  Options.bottommost_compression: ZSTD
2021/02/23-08:58:11.823642 7f9544efd700       Options.prefix_extractor: nullptr
2021/02/23-08:58:11.823645 7f9544efd700   Options.memtable_insert_with_hint_prefix_extractor: nullptr
2021/02/23-08:58:11.823647 7f9544efd700             Options.num_levels: 7
2021/02/23-08:58:11.823649 7f9544efd700        Options.min_write_buffer_number_to_merge: 1
2021/02/23-08:58:11.823651 7f9544efd700     Options.max_write_buffer_number_to_maintain: 0
2021/02/23-08:58:11.823653 7f9544efd700     Options.max_write_buffer_size_to_maintain: 0
2021/02/23-08:58:11.823656 7f9544efd700            Options.bottommost_compression_opts.window_bits: -14
2021/02/23-08:58:11.823658 7f9544efd700                  Options.bottommost_compression_opts.level: 32767
2021/02/23-08:58:11.823660 7f9544efd700               Options.bottommost_compression_opts.strategy: 0
2021/02/23-08:58:11.823662 7f9544efd700         Options.bottommost_compression_opts.max_dict_bytes: 0
2021/02/23-08:58:11.823664 7f9544efd700         Options.bottommost_compression_opts.zstd_max_train_bytes: 0
2021/02/23-08:58:11.823679 7f9544efd700         Options.bottommost_compression_opts.parallel_threads: 1
2021/02/23-08:58:11.823683 7f9544efd700                  Options.bottommost_compression_opts.enabled: false
2021/02/23-08:58:11.823685 7f9544efd700            Options.compression_opts.window_bits: -14
2021/02/23-08:58:11.823687 7f9544efd700                  Options.compression_opts.level: 32767
2021/02/23-08:58:11.823690 7f9544efd700               Options.compression_opts.strategy: 0
2021/02/23-08:58:11.823692 7f9544efd700         Options.compression_opts.max_dict_bytes: 0
2021/02/23-08:58:11.823694 7f9544efd700         Options.compression_opts.zstd_max_train_bytes: 0
2021/02/23-08:58:11.823696 7f9544efd700         Options.compression_opts.parallel_threads: 1
2021/02/23-08:58:11.823698 7f9544efd700                  Options.compression_opts.enabled: false
2021/02/23-08:58:11.823700 7f9544efd700      Options.level0_file_num_compaction_trigger: 4
2021/02/23-08:58:11.823702 7f9544efd700          Options.level0_slowdown_writes_trigger: 20
2021/02/23-08:58:11.823704 7f9544efd700              Options.level0_stop_writes_trigger: 36
2021/02/23-08:58:11.823707 7f9544efd700                   Options.target_file_size_base: 67108864
2021/02/23-08:58:11.823708 7f9544efd700             Options.target_file_size_multiplier: 1
2021/02/23-08:58:11.823711 7f9544efd700                Options.max_bytes_for_level_base: 268435456
2021/02/23-08:58:11.823713 7f9544efd700 Options.level_compaction_dynamic_level_bytes: 1
2021/02/23-08:58:11.823715 7f9544efd700          Options.max_bytes_for_level_multiplier: 10.000000
2021/02/23-08:58:11.823718 7f9544efd700 Options.max_bytes_for_level_multiplier_addtl[0]: 1
2021/02/23-08:58:11.823721 7f9544efd700 Options.max_bytes_for_level_multiplier_addtl[1]: 1
2021/02/23-08:58:11.823723 7f9544efd700 Options.max_bytes_for_level_multiplier_addtl[2]: 1
2021/02/23-08:58:11.823725 7f9544efd700 Options.max_bytes_for_level_multiplier_addtl[3]: 1
2021/02/23-08:58:11.823727 7f9544efd700 Options.max_bytes_for_level_multiplier_addtl[4]: 1
2021/02/23-08:58:11.823730 7f9544efd700 Options.max_bytes_for_level_multiplier_addtl[5]: 1
2021/02/23-08:58:11.823732 7f9544efd700 Options.max_bytes_for_level_multiplier_addtl[6]: 1
2021/02/23-08:58:11.823734 7f9544efd700       Options.max_sequential_skip_in_iterations: 8
2021/02/23-08:58:11.823736 7f9544efd700                    Options.max_compaction_bytes: 1677721600
2021/02/23-08:58:11.823738 7f9544efd700                        Options.arena_block_size: 8388608
2021/02/23-08:58:11.823740 7f9544efd700   Options.soft_pending_compaction_bytes_limit: 68719476736
2021/02/23-08:58:11.823742 7f9544efd700   Options.hard_pending_compaction_bytes_limit: 274877906944
2021/02/23-08:58:11.823745 7f9544efd700       Options.rate_limit_delay_max_milliseconds: 100
2021/02/23-08:58:11.823747 7f9544efd700                Options.disable_auto_compactions: 0
