2021/02/23-09:40:28.327825 7f5814e52700 RocksDB version: 6.11.4
2021/02/23-09:40:28.327892 7f5814e52700 Git sha rocksdb_build_git_sha:
2021/02/23-09:40:28.327910 7f5814e52700 Compile date Jul 27 2020
2021/02/23-09:40:28.327921 7f5814e52700 DB SUMMARY
2021/02/23-09:40:28.327983 7f5814e52700 CURRENT file:  CURRENT
2021/02/23-09:40:28.327988 7f5814e52700 IDENTITY file:  IDENTITY
2021/02/23-09:40:28.327996 7f5814e52700 MANIFEST file:  MANIFEST-000037 size: 1347 Bytes
2021/02/23-09:40:28.328001 7f5814e52700 SST files in /root/.mantis/pottery/rocksdb/ dir, Total Num: 5, files: 000026.sst 000027.sst 000028.sst 000029.sst 000030.sst 
2021/02/23-09:40:28.328039 7f5814e52700 Write Ahead Log file in /root/.mantis/pottery/rocksdb: 000038.log size: 0 ; 
2021/02/23-09:40:28.328046 7f5814e52700                         Options.error_if_exists: 0
2021/02/23-09:40:28.328049 7f5814e52700                       Options.create_if_missing: 1
2021/02/23-09:40:28.328051 7f5814e52700                         Options.paranoid_checks: 1
2021/02/23-09:40:28.328054 7f5814e52700                                     Options.env: 0x7f57ca1f9100
2021/02/23-09:40:28.328057 7f5814e52700                                      Options.fs: Posix File System
2021/02/23-09:40:28.328060 7f5814e52700                                Options.info_log: 0x7f5811045df0
2021/02/23-09:40:28.328062 7f5814e52700                Options.max_file_opening_threads: 16
2021/02/23-09:40:28.328065 7f5814e52700                              Options.statistics: (nil)
2021/02/23-09:40:28.328068 7f5814e52700                               Options.use_fsync: 0
2021/02/23-09:40:28.328071 7f5814e52700                       Options.max_log_file_size: 0
2021/02/23-09:40:28.328073 7f5814e52700                  Options.max_manifest_file_size: 1073741824
2021/02/23-09:40:28.328076 7f5814e52700                   Options.log_file_time_to_roll: 0
2021/02/23-09:40:28.328078 7f5814e52700                       Options.keep_log_file_num: 1000
2021/02/23-09:40:28.328081 7f5814e52700                    Options.recycle_log_file_num: 0
2021/02/23-09:40:28.328083 7f5814e52700                         Options.allow_fallocate: 1
2021/02/23-09:40:28.328086 7f5814e52700                        Options.allow_mmap_reads: 0
2021/02/23-09:40:28.328088 7f5814e52700                       Options.allow_mmap_writes: 0
2021/02/23-09:40:28.328091 7f5814e52700                        Options.use_direct_reads: 0
2021/02/23-09:40:28.328093 7f5814e52700                        Options.use_direct_io_for_flush_and_compaction: 0
2021/02/23-09:40:28.328096 7f5814e52700          Options.create_missing_column_families: 1
2021/02/23-09:40:28.328098 7f5814e52700                              Options.db_log_dir: 
2021/02/23-09:40:28.328100 7f5814e52700                                 Options.wal_dir: /root/.mantis/pottery/rocksdb
2021/02/23-09:40:28.328102 7f5814e52700                Options.table_cache_numshardbits: 6
2021/02/23-09:40:28.328104 7f5814e52700                      Options.max_subcompactions: 1
2021/02/23-09:40:28.328107 7f5814e52700                         Options.WAL_ttl_seconds: 0
2021/02/23-09:40:28.328109 7f5814e52700                       Options.WAL_size_limit_MB: 0
2021/02/23-09:40:28.328112 7f5814e52700                        Options.max_write_batch_group_size_bytes: 1048576
2021/02/23-09:40:28.328114 7f5814e52700             Options.manifest_preallocation_size: 4194304
2021/02/23-09:40:28.328116 7f5814e52700                     Options.is_fd_close_on_exec: 1
2021/02/23-09:40:28.328118 7f5814e52700                   Options.advise_random_on_open: 1
2021/02/23-09:40:28.328120 7f5814e52700                    Options.db_write_buffer_size: 0
2021/02/23-09:40:28.328123 7f5814e52700                    Options.write_buffer_manager: 0x7f58110449a0
2021/02/23-09:40:28.328125 7f5814e52700         Options.access_hint_on_compaction_start: 1
2021/02/23-09:40:28.328127 7f5814e52700  Options.new_table_reader_for_compaction_inputs: 0
2021/02/23-09:40:28.328129 7f5814e52700           Options.random_access_max_buffer_size: 1048576
2021/02/23-09:40:28.328131 7f5814e52700                      Options.use_adaptive_mutex: 0
2021/02/23-09:40:28.328149 7f5814e52700                            Options.rate_limiter: (nil)
2021/02/23-09:40:28.328154 7f5814e52700     Options.sst_file_manager.rate_bytes_per_sec: 0
2021/02/23-09:40:28.328157 7f5814e52700                       Options.wal_recovery_mode: 2
2021/02/23-09:40:28.328160 7f5814e52700                  Options.enable_thread_tracking: 0
2021/02/23-09:40:28.328162 7f5814e52700                  Options.enable_pipelined_write: 0
2021/02/23-09:40:28.328164 7f5814e52700                  Options.unordered_write: 0
2021/02/23-09:40:28.328167 7f5814e52700         Options.allow_concurrent_memtable_write: 1
2021/02/23-09:40:28.328169 7f5814e52700      Options.enable_write_thread_adaptive_yield: 1
2021/02/23-09:40:28.328171 7f5814e52700             Options.write_thread_max_yield_usec: 100
2021/02/23-09:40:28.328174 7f5814e52700            Options.write_thread_slow_yield_usec: 3
2021/02/23-09:40:28.328176 7f5814e52700                               Options.row_cache: None
2021/02/23-09:40:28.328178 7f5814e52700                              Options.wal_filter: None
2021/02/23-09:40:28.328181 7f5814e52700             Options.avoid_flush_during_recovery: 0
2021/02/23-09:40:28.328183 7f5814e52700             Options.allow_ingest_behind: 0
2021/02/23-09:40:28.328186 7f5814e52700             Options.preserve_deletes: 0
2021/02/23-09:40:28.328188 7f5814e52700             Options.two_write_queues: 0
2021/02/23-09:40:28.328190 7f5814e52700             Options.manual_wal_flush: 0
2021/02/23-09:40:28.328193 7f5814e52700             Options.atomic_flush: 0
2021/02/23-09:40:28.328195 7f5814e52700             Options.avoid_unnecessary_blocking_io: 0
2021/02/23-09:40:28.328197 7f5814e52700                 Options.persist_stats_to_disk: 0
2021/02/23-09:40:28.328200 7f5814e52700                 Options.write_dbid_to_manifest: 0
2021/02/23-09:40:28.328202 7f5814e52700                 Options.log_readahead_size: 0
2021/02/23-09:40:28.328205 7f5814e52700                 Options.file_checksum_gen_factory: Unknown
2021/02/23-09:40:28.328207 7f5814e52700                 Options.best_efforts_recovery: 0
2021/02/23-09:40:28.328211 7f5814e52700             Options.max_background_jobs: 1
2021/02/23-09:40:28.328213 7f5814e52700             Options.max_background_compactions: -1
2021/02/23-09:40:28.328216 7f5814e52700             Options.avoid_flush_during_shutdown: 0
2021/02/23-09:40:28.328218 7f5814e52700           Options.writable_file_max_buffer_size: 1048576
2021/02/23-09:40:28.328221 7f5814e52700             Options.delayed_write_rate : 16777216
2021/02/23-09:40:28.328223 7f5814e52700             Options.max_total_wal_size: 0
2021/02/23-09:40:28.328226 7f5814e52700             Options.delete_obsolete_files_period_micros: 21600000000
2021/02/23-09:40:28.328228 7f5814e52700                   Options.stats_dump_period_sec: 600
2021/02/23-09:40:28.328231 7f5814e52700                 Options.stats_persist_period_sec: 600
2021/02/23-09:40:28.328234 7f5814e52700                 Options.stats_history_buffer_size: 1048576
2021/02/23-09:40:28.328236 7f5814e52700                          Options.max_open_files: 32
2021/02/23-09:40:28.328239 7f5814e52700                          Options.bytes_per_sync: 0
2021/02/23-09:40:28.328241 7f5814e52700                      Options.wal_bytes_per_sync: 0
2021/02/23-09:40:28.328244 7f5814e52700                   Options.strict_bytes_per_sync: 0
2021/02/23-09:40:28.328246 7f5814e52700       Options.compaction_readahead_size: 0
2021/02/23-09:40:28.328249 7f5814e52700                  Options.max_background_flushes: -1
2021/02/23-09:40:28.328251 7f5814e52700 Compression algorithms supported:
2021/02/23-09:40:28.328254 7f5814e52700 	kZSTDNotFinalCompression supported: 1
2021/02/23-09:40:28.328264 7f5814e52700 	kZSTD supported: 1
2021/02/23-09:40:28.328267 7f5814e52700 	kXpressCompression supported: 0
2021/02/23-09:40:28.328270 7f5814e52700 	kLZ4HCCompression supported: 1
2021/02/23-09:40:28.328273 7f5814e52700 	kLZ4Compression supported: 1
2021/02/23-09:40:28.328276 7f5814e52700 	kBZip2Compression supported: 1
2021/02/23-09:40:28.328294 7f5814e52700 	kZlibCompression supported: 1
2021/02/23-09:40:28.328298 7f5814e52700 	kSnappyCompression supported: 1
2021/02/23-09:40:28.328307 7f5814e52700 Fast CRC32 supported: Not supported on x86
2021/02/23-09:40:28.328496 7f5814e52700 [/version_set.cc:4555] Recovering from manifest file: /root/.mantis/pottery/rocksdb/MANIFEST-000037
2021/02/23-09:40:28.328763 7f5814e52700 [/column_family.cc:579] --------------- Options for column family [default]:
2021/02/23-09:40:28.328791 7f5814e52700               Options.comparator: leveldb.BytewiseComparator
2021/02/23-09:40:28.328796 7f5814e52700           Options.merge_operator: None
2021/02/23-09:40:28.328799 7f5814e52700        Options.compaction_filter: None
2021/02/23-09:40:28.328818 7f5814e52700        Options.compaction_filter_factory: None
2021/02/23-09:40:28.328821 7f5814e52700         Options.memtable_factory: SkipListFactory
2021/02/23-09:40:28.328824 7f5814e52700            Options.table_factory: BlockBasedTable
2021/02/23-09:40:28.328863 7f5814e52700            table_factory options:   flush_block_policy_factory: FlushBlockBySizePolicyFactory (0x7f5811042c90)
  cache_index_and_filter_blocks: 1
  cache_index_and_filter_blocks_with_high_priority: 0
  pin_l0_filter_and_index_blocks_in_cache: 1
  pin_top_level_index_and_filter: 1
  index_type: 0
  data_block_index_type: 0
  index_shortening: 1
  data_block_hash_table_util_ratio: 0.750000
  hash_index_allow_collision: 1
  checksum: 1
  no_block_cache: 0
  block_cache: 0x7f5811042cd0
  block_cache_name: LRUCache
  block_cache_options:
    capacity : 8388608
    num_shard_bits : 4
    strict_capacity_limit : 0
    memory_allocator : None
    high_pri_pool_ratio: 0.000
  block_cache_compressed: (nil)
  persistent_cache: (nil)
  block_size: 16384
  block_size_deviation: 10
  block_restart_interval: 16
  index_block_restart_interval: 1
  metadata_block_size: 4096
  partition_filters: 0
  use_delta_encoding: 1
  filter_policy: rocksdb.BuiltinBloomFilter
  whole_key_filtering: 1
  verify_compression: 1
  read_amp_bytes_per_bit: 0
  format_version: 2
  enable_index_compression: 1
  block_align: 0
2021/02/23-09:40:28.328867 7f5814e52700        Options.write_buffer_size: 67108864
2021/02/23-09:40:28.328870 7f5814e52700  Options.max_write_buffer_number: 2
2021/02/23-09:40:28.328873 7f5814e52700          Options.compression: LZ4
2021/02/23-09:40:28.328876 7f5814e52700                  Options.bottommost_compression: ZSTD
2021/02/23-09:40:28.328879 7f5814e52700       Options.prefix_extractor: nullptr
2021/02/23-09:40:28.328882 7f5814e52700   Options.memtable_insert_with_hint_prefix_extractor: nullptr
2021/02/23-09:40:28.328884 7f5814e52700             Options.num_levels: 7
2021/02/23-09:40:28.328887 7f5814e52700        Options.min_write_buffer_number_to_merge: 1
2021/02/23-09:40:28.328889 7f5814e52700     Options.max_write_buffer_number_to_maintain: 0
2021/02/23-09:40:28.328892 7f5814e52700     Options.max_write_buffer_size_to_maintain: 0
2021/02/23-09:40:28.328894 7f5814e52700            Options.bottommost_compression_opts.window_bits: -14
2021/02/23-09:40:28.328897 7f5814e52700                  Options.bottommost_compression_opts.level: 32767
2021/02/23-09:40:28.328899 7f5814e52700               Options.bottommost_compression_opts.strategy: 0
2021/02/23-09:40:28.328902 7f5814e52700         Options.bottommost_compression_opts.max_dict_bytes: 0
2021/02/23-09:40:28.328904 7f5814e52700         Options.bottommost_compression_opts.zstd_max_train_bytes: 0
2021/02/23-09:40:28.328907 7f5814e52700         Options.bottommost_compression_opts.parallel_threads: 1
2021/02/23-09:40:28.328909 7f5814e52700                  Options.bottommost_compression_opts.enabled: false
2021/02/23-09:40:28.328912 7f5814e52700            Options.compression_opts.window_bits: -14
2021/02/23-09:40:28.328914 7f5814e52700                  Options.compression_opts.level: 32767
2021/02/23-09:40:28.328917 7f5814e52700               Options.compression_opts.strategy: 0
2021/02/23-09:40:28.328919 7f5814e52700         Options.compression_opts.max_dict_bytes: 0
2021/02/23-09:40:28.328943 7f5814e52700         Options.compression_opts.zstd_max_train_bytes: 0
2021/02/23-09:40:28.328947 7f5814e52700         Options.compression_opts.parallel_threads: 1
2021/02/23-09:40:28.328950 7f5814e52700                  Options.compression_opts.enabled: false
2021/02/23-09:40:28.328952 7f5814e52700      Options.level0_file_num_compaction_trigger: 4
2021/02/23-09:40:28.328955 7f5814e52700          Options.level0_slowdown_writes_trigger: 20
2021/02/23-09:40:28.328957 7f5814e52700              Options.level0_stop_writes_trigger: 36
2021/02/23-09:40:28.328960 7f5814e52700                   Options.target_file_size_base: 67108864
2021/02/23-09:40:28.328962 7f5814e52700             Options.target_file_size_multiplier: 1
2021/02/23-09:40:28.328965 7f5814e52700                Options.max_bytes_for_level_base: 268435456
2021/02/23-09:40:28.328967 7f5814e52700 Options.level_compaction_dynamic_level_bytes: 1
2021/02/23-09:40:28.328970 7f5814e52700          Options.max_bytes_for_level_multiplier: 10.000000
2021/02/23-09:40:28.328974 7f5814e52700 Options.max_bytes_for_level_multiplier_addtl[0]: 1
2021/02/23-09:40:28.328977 7f5814e52700 Options.max_bytes_for_level_multiplier_addtl[1]: 1
2021/02/23-09:40:28.328979 7f5814e52700 Options.max_bytes_for_level_multiplier_addtl[2]: 1
2021/02/23-09:40:28.328982 7f5814e52700 Options.max_bytes_for_level_multiplier_addtl[3]: 1
2021/02/23-09:40:28.328984 7f5814e52700 Options.max_bytes_for_level_multiplier_addtl[4]: 1
2021/02/23-09:40:28.328987 7f5814e52700 Options.max_bytes_for_level_multiplier_addtl[5]: 1
2021/02/23-09:40:28.328989 7f5814e52700 Options.max_bytes_for_level_multiplier_addtl[6]: 1
2021/02/23-09:40:28.328992 7f5814e52700       Options.max_sequential_skip_in_iterations: 8
2021/02/23-09:40:28.328994 7f5814e52700                    Options.max_compaction_bytes: 1677721600
2021/02/23-09:40:28.328996 7f5814e52700                        Options.arena_block_size: 8388608
2021/02/23-09:40:28.328999 7f5814e52700   Options.soft_pending_compaction_bytes_limit: 68719476736
2021/02/23-09:40:28.329001 7f5814e52700   Options.hard_pending_compaction_bytes_limit: 274877906944
2021/02/23-09:40:28.329004 7f5814e52700       Options.rate_limit_delay_max_milliseconds: 100
2021/02/23-09:40:28.329006 7f5814e52700                Options.disable_auto_compactions: 0
2021/02/23-09:40:28.329093 7f5814e52700                        Options.compaction_style: kCompactionStyleLevel
2021/02/23-09:40:28.329100 7f5814e52700                          Options.compaction_pri: kMinOverlappingRatio
2021/02/23-09:40:28.329103 7f5814e52700 Options.compaction_options_universal.size_ratio: 1
2021/02/23-09:40:28.329106 7f5814e52700 Options.compaction_options_universal.min_merge_width: 2
2021/02/23-09:40:28.329108 7f5814e52700 Options.compaction_options_universal.max_merge_width: 4294967295
2021/02/23-09:40:28.329111 7f5814e52700 Options.compaction_options_universal.max_size_amplification_percent: 200
2021/02/23-09:40:28.329114 7f5814e52700 Options.compaction_options_universal.compression_size_percent: -1
2021/02/23-09:40:28.329117 7f5814e52700 Options.compaction_options_universal.stop_style: kCompactionStopStyleTotalSize
2021/02/23-09:40:28.329119 7f5814e52700 Options.compaction_options_fifo.max_table_files_size: 1073741824
2021/02/23-09:40:28.329122 7f5814e52700 Options.compaction_options_fifo.allow_compaction: 0
2021/02/23-09:40:28.329152 7f5814e52700                   Options.table_properties_collectors: 
2021/02/23-09:40:28.329157 7f5814e52700                   Options.inplace_update_support: 0
2021/02/23-09:40:28.329160 7f5814e52700                 Options.inplace_update_num_locks: 10000
2021/02/23-09:40:28.329162 7f5814e52700               Options.memtable_prefix_bloom_size_ratio: 0.000000
2021/02/23-09:40:28.329166 7f5814e52700               Options.memtable_whole_key_filtering: 0
2021/02/23-09:40:28.329169 7f5814e52700   Options.memtable_huge_page_size: 0
2021/02/23-09:40:28.329171 7f5814e52700                           Options.bloom_locality: 0
2021/02/23-09:40:28.329174 7f5814e52700                    Options.max_successive_merges: 0
2021/02/23-09:40:28.329192 7f5814e52700                Options.optimize_filters_for_hits: 0
2021/02/23-09:40:28.329195 7f5814e52700                Options.paranoid_file_checks: 0
2021/02/23-09:40:28.329198 7f5814e52700                Options.force_consistency_checks: 0
2021/02/23-09:40:28.329200 7f5814e52700                Options.report_bg_io_stats: 0
2021/02/23-09:40:28.329203 7f5814e52700                               Options.ttl: 2592000
2021/02/23-09:40:28.329205 7f5814e52700          Options.periodic_compaction_seconds: 0
2021/02/23-09:40:28.329434 7f5814e52700 [/column_family.cc:579] --------------- Options for column family [r]:
2021/02/23-09:40:28.329441 7f5814e52700               Options.comparator: leveldb.BytewiseComparator
2021/02/23-09:40:28.329444 7f5814e52700           Options.merge_operator: None
2021/02/23-09:40:28.329447 7f5814e52700        Options.compaction_filter: None
2021/02/23-09:40:28.329449 7f5814e52700        Options.compaction_filter_factory: None
2021/02/23-09:40:28.329452 7f5814e52700         Options.memtable_factory: SkipListFactory
2021/02/23-09:40:28.329455 7f5814e52700            Options.table_factory: BlockBasedTable
2021/02/23-09:40:28.329484 7f5814e52700            table_factory options:   flush_block_policy_factory: FlushBlockBySizePolicyFactory (0x7f5811042c90)
  cache_index_and_filter_blocks: 1
  cache_index_and_filter_blocks_with_high_priority: 0
  pin_l0_filter_and_index_blocks_in_cache: 1
  pin_top_level_index_and_filter: 1
  index_type: 0
  data_block_index_type: 0
  index_shortening: 1
  data_block_hash_table_util_ratio: 0.750000
  hash_index_allow_collision: 1
  checksum: 1
  no_block_cache: 0
  block_cache: 0x7f5811042cd0
  block_cache_name: LRUCache
  block_cache_options:
    capacity : 8388608
    num_shard_bits : 4
    strict_capacity_limit : 0
    memory_allocator : None
    high_pri_pool_ratio: 0.000
  block_cache_compressed: (nil)
  persistent_cache: (nil)
  block_size: 16384
  block_size_deviation: 10
  block_restart_interval: 16
  index_block_restart_interval: 1
  metadata_block_size: 4096
  partition_filters: 0
  use_delta_encoding: 1
  filter_policy: rocksdb.BuiltinBloomFilter
  whole_key_filtering: 1
  verify_compression: 1
  read_amp_bytes_per_bit: 0
  format_version: 2
  enable_index_compression: 1
  block_align: 0
2021/02/23-09:40:28.329487 7f5814e52700        Options.write_buffer_size: 67108864
2021/02/23-09:40:28.329490 7f5814e52700  Options.max_write_buffer_number: 2
2021/02/23-09:40:28.329493 7f5814e52700          Options.compression: LZ4
2021/02/23-09:40:28.329496 7f5814e52700                  Options.bottommost_compression: ZSTD
2021/02/23-09:40:28.329499 7f5814e52700       Options.prefix_extractor: nullptr
2021/02/23-09:40:28.329502 7f5814e52700   Options.memtable_insert_with_hint_prefix_extractor: nullptr
2021/02/23-09:40:28.329505 7f5814e52700             Options.num_levels: 7
2021/02/23-09:40:28.329507 7f5814e52700        Options.min_write_buffer_number_to_merge: 1
2021/02/23-09:40:28.329510 7f5814e52700     Options.max_write_buffer_number_to_maintain: 0
2021/02/23-09:40:28.329512 7f5814e52700     Options.max_write_buffer_size_to_maintain: 0
2021/02/23-09:40:28.329515 7f5814e52700            Options.bottommost_compression_opts.window_bits: -14
2021/02/23-09:40:28.329517 7f5814e52700                  Options.bottommost_compression_opts.level: 32767
2021/02/23-09:40:28.329520 7f5814e52700               Options.bottommost_compression_opts.strategy: 0
2021/02/23-09:40:28.329522 7f5814e52700         Options.bottommost_compression_opts.max_dict_bytes: 0
2021/02/23-09:40:28.329525 7f5814e52700         Options.bottommost_compression_opts.zstd_max_train_bytes: 0
2021/02/23-09:40:28.329528 7f5814e52700         Options.bottommost_compression_opts.parallel_threads: 1
2021/02/23-09:40:28.329530 7f5814e52700                  Options.bottommost_compression_opts.enabled: false
2021/02/23-09:40:28.329533 7f5814e52700            Options.compression_opts.window_bits: -14
2021/02/23-09:40:28.329535 7f5814e52700                  Options.compression_opts.level: 32767
2021/02/23-09:40:28.329553 7f5814e52700               Options.compression_opts.strategy: 0
2021/02/23-09:40:28.329556 7f5814e52700         Options.compression_opts.max_dict_bytes: 0
2021/02/23-09:40:28.329559 7f5814e52700         Options.compression_opts.zstd_max_train_bytes: 0
2021/02/23-09:40:28.329562 7f5814e52700         Options.compression_opts.parallel_threads: 1
2021/02/23-09:40:28.329564 7f5814e52700                  Options.compression_opts.enabled: false
2021/02/23-09:40:28.329567 7f5814e52700      Options.level0_file_num_compaction_trigger: 4
2021/02/23-09:40:28.329569 7f5814e52700          Options.level0_slowdown_writes_trigger: 20
2021/02/23-09:40:28.329572 7f5814e52700              Options.level0_stop_writes_trigger: 36
2021/02/23-09:40:28.329574 7f5814e52700                   Options.target_file_size_base: 67108864
2021/02/23-09:40:28.329577 7f5814e52700             Options.target_file_size_multiplier: 1
2021/02/23-09:40:28.329580 7f5814e52700                Options.max_bytes_for_level_base: 268435456
2021/02/23-09:40:28.329582 7f5814e52700 Options.level_compaction_dynamic_level_bytes: 1
2021/02/23-09:40:28.329585 7f5814e52700          Options.max_bytes_for_level_multiplier: 10.000000
2021/02/23-09:40:28.329589 7f5814e52700 Options.max_bytes_for_level_multiplier_addtl[0]: 1
2021/02/23-09:40:28.329592 7f5814e52700 Options.max_bytes_for_level_multiplier_addtl[1]: 1
2021/02/23-09:40:28.329594 7f5814e52700 Options.max_bytes_for_level_multiplier_addtl[2]: 1
2021/02/23-09:40:28.329597 7f5814e52700 Options.max_bytes_for_level_multiplier_addtl[3]: 1
2021/02/23-09:40:28.329599 7f5814e52700 Options.max_bytes_for_level_multiplier_addtl[4]: 1
2021/02/23-09:40:28.329602 7f5814e52700 Options.max_bytes_for_level_multiplier_addtl[5]: 1
2021/02/23-09:40:28.329604 7f5814e52700 Options.max_bytes_for_level_multiplier_addtl[6]: 1
2021/02/23-09:40:28.329606 7f5814e52700       Options.max_sequential_skip_in_iterations: 8
2021/02/23-09:40:28.329609 7f5814e52700                    Options.max_compaction_bytes: 1677721600
2021/02/23-09:40:28.329612 7f5814e52700                        Options.arena_block_size: 8388608
2021/02/23-09:40:28.329614 7f5814e52700   Options.soft_pending_compaction_bytes_limit: 68719476736
2021/02/23-09:40:28.329617 7f5814e52700   Options.hard_pending_compaction_bytes_limit: 274877906944
2021/02/23-09:40:28.329619 7f5814e52700       Options.rate_limit_delay_max_milliseconds: 100
2021/02/23-09:40:28.329622 7f5814e52700                Options.disable_auto_compactions: 0
2021/02/23-09:40:28.329624 7f5814e52700                        Options.compaction_style: kCompactionStyleLevel
2021/02/23-09:40:28.329627 7f5814e52700                          Options.compaction_pri: kMinOverlappingRatio
2021/02/23-09:40:28.329630 7f5814e52700 Options.compaction_options_universal.size_ratio: 1
2021/02/23-09:40:28.329632 7f5814e52700 Options.compaction_options_universal.min_merge_width: 2
2021/02/23-09:40:28.329635 7f5814e52700 Options.compaction_options_universal.max_merge_width: 4294967295
2021/02/23-09:40:28.329637 7f5814e52700 Options.compaction_options_universal.max_size_amplification_percent: 200
2021/02/23-09:40:28.329640 7f5814e52700 Options.compaction_options_universal.compression_size_percent: -1
2021/02/23-09:40:28.329642 7f5814e52700 Options.compaction_options_universal.stop_style: kCompactionStopStyleTotalSize
2021/02/23-09:40:28.329645 7f5814e52700 Options.compaction_options_fifo.max_table_files_size: 1073741824
2021/02/23-09:40:28.329647 7f5814e52700 Options.compaction_options_fifo.allow_compaction: 0
2021/02/23-09:40:28.329653 7f5814e52700                   Options.table_properties_collectors: 
2021/02/23-09:40:28.329657 7f5814e52700                   Options.inplace_update_support: 0
2021/02/23-09:40:28.329659 7f5814e52700                 Options.inplace_update_num_locks: 10000
2021/02/23-09:40:28.329662 7f5814e52700               Options.memtable_prefix_bloom_size_ratio: 0.000000
2021/02/23-09:40:28.329665 7f5814e52700               Options.memtable_whole_key_filtering: 0
2021/02/23-09:40:28.329679 7f5814e52700   Options.memtable_huge_page_size: 0
2021/02/23-09:40:28.329682 7f5814e52700                           Options.bloom_locality: 0
2021/02/23-09:40:28.329685 7f5814e52700                    Options.max_successive_merges: 0
2021/02/23-09:40:28.329687 7f5814e52700                Options.optimize_filters_for_hits: 0
2021/02/23-09:40:28.329689 7f5814e52700                Options.paranoid_file_checks: 0
2021/02/23-09:40:28.329691 7f5814e52700                Options.force_consistency_checks: 0
2021/02/23-09:40:28.329693 7f5814e52700                Options.report_bg_io_stats: 0
2021/02/23-09:40:28.329695 7f5814e52700                               Options.ttl: 2592000
2021/02/23-09:40:28.329697 7f5814e52700          Options.periodic_compaction_seconds: 0
2021/02/23-09:40:28.329760 7f5814e52700 [/column_family.cc:579] --------------- Options for column family [h]:
2021/02/23-09:40:28.329766 7f5814e52700               Options.comparator: leveldb.BytewiseComparator
2021/02/23-09:40:28.329769 7f5814e52700           Options.merge_operator: None
2021/02/23-09:40:28.329771 7f5814e52700        Options.compaction_filter: None
2021/02/23-09:40:28.329774 7f5814e52700        Options.compaction_filter_factory: None
2021/02/23-09:40:28.329777 7f5814e52700         Options.memtable_factory: SkipListFactory
2021/02/23-09:40:28.329779 7f5814e52700            Options.table_factory: BlockBasedTable
2021/02/23-09:40:28.329805 7f5814e52700            table_factory options:   flush_block_policy_factory: FlushBlockBySizePolicyFactory (0x7f5811042c90)
  cache_index_and_filter_blocks: 1
  cache_index_and_filter_blocks_with_high_priority: 0
  pin_l0_filter_and_index_blocks_in_cache: 1
  pin_top_level_index_and_filter: 1
  index_type: 0
  data_block_index_type: 0
  index_shortening: 1
  data_block_hash_table_util_ratio: 0.750000
  hash_index_allow_collision: 1
  checksum: 1
  no_block_cache: 0
  block_cache: 0x7f5811042cd0
  block_cache_name: LRUCache
  block_cache_options:
    capacity : 8388608
    num_shard_bits : 4
    strict_capacity_limit : 0
    memory_allocator : None
    high_pri_pool_ratio: 0.000
  block_cache_compressed: (nil)
  persistent_cache: (nil)
  block_size: 16384
  block_size_deviation: 10
  block_restart_interval: 16
  index_block_restart_interval: 1
  metadata_block_size: 4096
  partition_filters: 0
  use_delta_encoding: 1
  filter_policy: rocksdb.BuiltinBloomFilter
  whole_key_filtering: 1
  verify_compression: 1
  read_amp_bytes_per_bit: 0
  format_version: 2
  enable_index_compression: 1
  block_align: 0
2021/02/23-09:40:28.329808 7f5814e52700        Options.write_buffer_size: 67108864
2021/02/23-09:40:28.329811 7f5814e52700  Options.max_write_buffer_number: 2
2021/02/23-09:40:28.329814 7f5814e52700          Options.compression: LZ4
2021/02/23-09:40:28.329817 7f5814e52700                  Options.bottommost_compression: ZSTD
2021/02/23-09:40:28.329820 7f5814e52700       Options.prefix_extractor: nullptr
2021/02/23-09:40:28.329822 7f5814e52700   Options.memtable_insert_with_hint_prefix_extractor: nullptr
2021/02/23-09:40:28.329825 7f5814e52700             Options.num_levels: 7
2021/02/23-09:40:28.329827 7f5814e52700        Options.min_write_buffer_number_to_merge: 1
2021/02/23-09:40:28.329830 7f5814e52700     Options.max_write_buffer_number_to_maintain: 0
2021/02/23-09:40:28.329832 7f5814e52700     Options.max_write_buffer_size_to_maintain: 0
2021/02/23-09:40:28.329835 7f5814e52700            Options.bottommost_compression_opts.window_bits: -14
2021/02/23-09:40:28.329837 7f5814e52700                  Options.bottommost_compression_opts.level: 32767
2021/02/23-09:40:28.329839 7f5814e52700               Options.bottommost_compression_opts.strategy: 0
2021/02/23-09:40:28.329842 7f5814e52700         Options.bottommost_compression_opts.max_dict_bytes: 0
2021/02/23-09:40:28.329844 7f5814e52700         Options.bottommost_compression_opts.zstd_max_train_bytes: 0
2021/02/23-09:40:28.329847 7f5814e52700         Options.bottommost_compression_opts.parallel_threads: 1
2021/02/23-09:40:28.329862 7f5814e52700                  Options.bottommost_compression_opts.enabled: false
2021/02/23-09:40:28.329866 7f5814e52700            Options.compression_opts.window_bits: -14
2021/02/23-09:40:28.329868 7f5814e52700                  Options.compression_opts.level: 32767
2021/02/23-09:40:28.329871 7f5814e52700               Options.compression_opts.strategy: 0
2021/02/23-09:40:28.329873 7f5814e52700         Options.compression_opts.max_dict_bytes: 0
2021/02/23-09:40:28.329876 7f5814e52700         Options.compression_opts.zstd_max_train_bytes: 0
2021/02/23-09:40:28.329878 7f5814e52700         Options.compression_opts.parallel_threads: 1
2021/02/23-09:40:28.329880 7f5814e52700                  Options.compression_opts.enabled: false
2021/02/23-09:40:28.329883 7f5814e52700      Options.level0_file_num_compaction_trigger: 4
2021/02/23-09:40:28.329885 7f5814e52700          Options.level0_slowdown_writes_trigger: 20
2021/02/23-09:40:28.329888 7f5814e52700              Options.level0_stop_writes_trigger: 36
2021/02/23-09:40:28.329890 7f5814e52700                   Options.target_file_size_base: 67108864
2021/02/23-09:40:28.329893 7f5814e52700             Options.target_file_size_multiplier: 1
2021/02/23-09:40:28.329895 7f5814e52700                Options.max_bytes_for_level_base: 268435456
2021/02/23-09:40:28.329898 7f5814e52700 Options.level_compaction_dynamic_level_bytes: 1
2021/02/23-09:40:28.329900 7f5814e52700          Options.max_bytes_for_level_multiplier: 10.000000
2021/02/23-09:40:28.329904 7f5814e52700 Options.max_bytes_for_level_multiplier_addtl[0]: 1
2021/02/23-09:40:28.329906 7f5814e52700 Options.max_bytes_for_level_multiplier_addtl[1]: 1
2021/02/23-09:40:28.329909 7f5814e52700 Options.max_bytes_for_level_multiplier_addtl[2]: 1
2021/02/23-09:40:28.329911 7f5814e52700 Options.max_bytes_for_level_multiplier_addtl[3]: 1
2021/02/23-09:40:28.329914 7f5814e52700 Options.max_bytes_for_level_multiplier_addtl[4]: 1
2021/02/23-09:40:28.329916 7f5814e52700 Options.max_bytes_for_level_multiplier_addtl[5]: 1
2021/02/23-09:40:28.329918 7f5814e52700 Options.max_bytes_for_level_multiplier_addtl[6]: 1
2021/02/23-09:40:28.329920 7f5814e52700       Options.max_sequential_skip_in_iterations: 8
2021/02/23-09:40:28.329923 7f5814e52700                    Options.max_compaction_bytes: 1677721600
2021/02/23-09:40:28.329925 7f5814e52700                        Options.arena_block_size: 8388608
2021/02/23-09:40:28.329928 7f5814e52700   Options.soft_pending_compaction_bytes_limit: 68719476736
2021/02/23-09:40:28.329931 7f5814e52700   Options.hard_pending_compaction_bytes_limit: 274877906944
2021/02/23-09:40:28.329933 7f5814e52700       Options.rate_limit_delay_max_milliseconds: 100
2021/02/23-09:40:28.329936 7f5814e52700                Options.disable_auto_compactions: 0
2021/02/23-09:40:28.329938 7f5814e52700                        Options.compaction_style: kCompactionStyleLevel
2021/02/23-09:40:28.329941 7f5814e52700                          Options.compaction_pri: kMinOverlappingRatio
2021/02/23-09:40:28.329944 7f5814e52700 Options.compaction_options_universal.size_ratio: 1
2021/02/23-09:40:28.329946 7f5814e52700 Options.compaction_options_universal.min_merge_width: 2
2021/02/23-09:40:28.329949 7f5814e52700 Options.compaction_options_universal.max_merge_width: 4294967295
2021/02/23-09:40:28.329952 7f5814e52700 Options.compaction_options_universal.max_size_amplification_percent: 200
2021/02/23-09:40:28.329954 7f5814e52700 Options.compaction_options_universal.compression_size_percent: -1
2021/02/23-09:40:28.329957 7f5814e52700 Options.compaction_options_universal.stop_style: kCompactionStopStyleTotalSize
2021/02/23-09:40:28.329960 7f5814e52700 Options.compaction_options_fifo.max_table_files_size: 1073741824
2021/02/23-09:40:28.329963 7f5814e52700 Options.compaction_options_fifo.allow_compaction: 0
2021/02/23-09:40:28.329968 7f5814e52700                   Options.table_properties_collectors: 
2021/02/23-09:40:28.329971 7f5814e52700                   Options.inplace_update_support: 0
2021/02/23-09:40:28.329973 7f5814e52700                 Options.inplace_update_num_locks: 10000
2021/02/23-09:40:28.329987 7f5814e52700               Options.memtable_prefix_bloom_size_ratio: 0.000000
2021/02/23-09:40:28.329991 7f5814e52700               Options.memtable_whole_key_filtering: 0
2021/02/23-09:40:28.329994 7f5814e52700   Options.memtable_huge_page_size: 0
2021/02/23-09:40:28.329996 7f5814e52700                           Options.bloom_locality: 0
2021/02/23-09:40:28.329999 7f5814e52700                    Options.max_successive_merges: 0
2021/02/23-09:40:28.330001 7f5814e52700                Options.optimize_filters_for_hits: 0
2021/02/23-09:40:28.330004 7f5814e52700                Options.paranoid_file_checks: 0
2021/02/23-09:40:28.330006 7f5814e52700                Options.force_consistency_checks: 0
2021/02/23-09:40:28.330009 7f5814e52700                Options.report_bg_io_stats: 0
2021/02/23-09:40:28.330011 7f5814e52700                               Options.ttl: 2592000
2021/02/23-09:40:28.330014 7f5814e52700          Options.periodic_compaction_seconds: 0
2021/02/23-09:40:28.330061 7f5814e52700 [/column_family.cc:579] --------------- Options for column family [b]:
2021/02/23-09:40:28.330065 7f5814e52700               Options.comparator: leveldb.BytewiseComparator
2021/02/23-09:40:28.330068 7f5814e52700           Options.merge_operator: None
2021/02/23-09:40:28.330071 7f5814e52700        Options.compaction_filter: None
2021/02/23-09:40:28.330074 7f5814e52700        Options.compaction_filter_factory: None
2021/02/23-09:40:28.330076 7f5814e52700         Options.memtable_factory: SkipListFactory
2021/02/23-09:40:28.330079 7f5814e52700            Options.table_factory: BlockBasedTable
2021/02/23-09:40:28.330104 7f5814e52700            table_factory options:   flush_block_policy_factory: FlushBlockBySizePolicyFactory (0x7f5811042c90)
  cache_index_and_filter_blocks: 1
  cache_index_and_filter_blocks_with_high_priority: 0
  pin_l0_filter_and_index_blocks_in_cache: 1
  pin_top_level_index_and_filter: 1
  index_type: 0
  data_block_index_type: 0
  index_shortening: 1
  data_block_hash_table_util_ratio: 0.750000
  hash_index_allow_collision: 1
  checksum: 1
  no_block_cache: 0
  block_cache: 0x7f5811042cd0
  block_cache_name: LRUCache
  block_cache_options:
    capacity : 8388608
    num_shard_bits : 4
    strict_capacity_limit : 0
    memory_allocator : None
    high_pri_pool_ratio: 0.000
  block_cache_compressed: (nil)
  persistent_cache: (nil)
  block_size: 16384
  block_size_deviation: 10
  block_restart_interval: 16
  index_block_restart_interval: 1
  metadata_block_size: 4096
  partition_filters: 0
  use_delta_encoding: 1
  filter_policy: rocksdb.BuiltinBloomFilter
  whole_key_filtering: 1
  verify_compression: 1
  read_amp_bytes_per_bit: 0
  format_version: 2
  enable_index_compression: 1
  block_align: 0
2021/02/23-09:40:28.330107 7f5814e52700        Options.write_buffer_size: 67108864
2021/02/23-09:40:28.330110 7f5814e52700  Options.max_write_buffer_number: 2
2021/02/23-09:40:28.330113 7f5814e52700          Options.compression: LZ4
2021/02/23-09:40:28.330115 7f5814e52700                  Options.bottommost_compression: ZSTD
2021/02/23-09:40:28.330118 7f5814e52700       Options.prefix_extractor: nullptr
2021/02/23-09:40:28.330121 7f5814e52700   Options.memtable_insert_with_hint_prefix_extractor: nullptr
2021/02/23-09:40:28.330123 7f5814e52700             Options.num_levels: 7
2021/02/23-09:40:28.330126 7f5814e52700        Options.min_write_buffer_number_to_merge: 1
2021/02/23-09:40:28.330128 7f5814e52700     Options.max_write_buffer_number_to_maintain: 0
2021/02/23-09:40:28.330130 7f5814e52700     Options.max_write_buffer_size_to_maintain: 0
2021/02/23-09:40:28.330133 7f5814e52700            Options.bottommost_compression_opts.window_bits: -14
2021/02/23-09:40:28.330168 7f5814e52700                  Options.bottommost_compression_opts.level: 32767
2021/02/23-09:40:28.330173 7f5814e52700               Options.bottommost_compression_opts.strategy: 0
2021/02/23-09:40:28.330176 7f5814e52700         Options.bottommost_compression_opts.max_dict_bytes: 0
2021/02/23-09:40:28.330192 7f5814e52700         Options.bottommost_compression_opts.zstd_max_train_bytes: 0
2021/02/23-09:40:28.330196 7f5814e52700         Options.bottommost_compression_opts.parallel_threads: 1
2021/02/23-09:40:28.330198 7f5814e52700                  Options.bottommost_compression_opts.enabled: false
2021/02/23-09:40:28.330201 7f5814e52700            Options.compression_opts.window_bits: -14
2021/02/23-09:40:28.330204 7f5814e52700                  Options.compression_opts.level: 32767
2021/02/23-09:40:28.330206 7f5814e52700               Options.compression_opts.strategy: 0
2021/02/23-09:40:28.330209 7f5814e52700         Options.compression_opts.max_dict_bytes: 0
2021/02/23-09:40:28.330211 7f5814e52700         Options.compression_opts.zstd_max_train_bytes: 0
2021/02/23-09:40:28.330214 7f5814e52700         Options.compression_opts.parallel_threads: 1
2021/02/23-09:40:28.330216 7f5814e52700                  Options.compression_opts.enabled: false
2021/02/23-09:40:28.330218 7f5814e52700      Options.level0_file_num_compaction_trigger: 4
2021/02/23-09:40:28.330221 7f5814e52700          Options.level0_slowdown_writes_trigger: 20
2021/02/23-09:40:28.330223 7f5814e52700              Options.level0_stop_writes_trigger: 36
2021/02/23-09:40:28.330226 7f5814e52700                   Options.target_file_size_base: 67108864
2021/02/23-09:40:28.330228 7f5814e52700             Options.target_file_size_multiplier: 1
2021/02/23-09:40:28.330231 7f5814e52700                Options.max_bytes_for_level_base: 268435456
2021/02/23-09:40:28.330233 7f5814e52700 Options.level_compaction_dynamic_level_bytes: 1
2021/02/23-09:40:28.330236 7f5814e52700          Options.max_bytes_for_level_multiplier: 10.000000
2021/02/23-09:40:28.330240 7f5814e52700 Options.max_bytes_for_level_multiplier_addtl[0]: 1
2021/02/23-09:40:28.330243 7f5814e52700 Options.max_bytes_for_level_multiplier_addtl[1]: 1
2021/02/23-09:40:28.330245 7f5814e52700 Options.max_bytes_for_level_multiplier_addtl[2]: 1
2021/02/23-09:40:28.330248 7f5814e52700 Options.max_bytes_for_level_multiplier_addtl[3]: 1
2021/02/23-09:40:28.330250 7f5814e52700 Options.max_bytes_for_level_multiplier_addtl[4]: 1
2021/02/23-09:40:28.330253 7f5814e52700 Options.max_bytes_for_level_multiplier_addtl[5]: 1
2021/02/23-09:40:28.330255 7f5814e52700 Options.max_bytes_for_level_multiplier_addtl[6]: 1
2021/02/23-09:40:28.330258 7f5814e52700       Options.max_sequential_skip_in_iterations: 8
2021/02/23-09:40:28.330261 7f5814e52700                    Options.max_compaction_bytes: 1677721600
2021/02/23-09:40:28.330263 7f5814e52700                        Options.arena_block_size: 8388608
2021/02/23-09:40:28.330266 7f5814e52700   Options.soft_pending_compaction_bytes_limit: 68719476736
2021/02/23-09:40:28.330268 7f5814e52700   Options.hard_pending_compaction_bytes_limit: 274877906944
2021/02/23-09:40:28.330271 7f5814e52700       Options.rate_limit_delay_max_milliseconds: 100
2021/02/23-09:40:28.330273 7f5814e52700                Options.disable_auto_compactions: 0
