2021/02/23-09:19:50.063721 7f2b8ba69700 RocksDB version: 6.11.4
2021/02/23-09:19:50.063797 7f2b8ba69700 Git sha rocksdb_build_git_sha:
2021/02/23-09:19:50.063804 7f2b8ba69700 Compile date Jul 27 2020
2021/02/23-09:19:50.063815 7f2b8ba69700 DB SUMMARY
2021/02/23-09:19:50.063876 7f2b8ba69700 CURRENT file:  CURRENT
2021/02/23-09:19:50.063881 7f2b8ba69700 IDENTITY file:  IDENTITY
2021/02/23-09:19:50.063889 7f2b8ba69700 MANIFEST file:  MANIFEST-000031 size: 1347 Bytes
2021/02/23-09:19:50.063895 7f2b8ba69700 SST files in /root/.mantis/pottery/rocksdb/ dir, Total Num: 5, files: 000026.sst 000027.sst 000028.sst 000029.sst 000030.sst 
2021/02/23-09:19:50.063931 7f2b8ba69700 Write Ahead Log file in /root/.mantis/pottery/rocksdb: 000032.log size: 0 ; 
2021/02/23-09:19:50.063938 7f2b8ba69700                         Options.error_if_exists: 0
2021/02/23-09:19:50.063941 7f2b8ba69700                       Options.create_if_missing: 1
2021/02/23-09:19:50.063944 7f2b8ba69700                         Options.paranoid_checks: 1
2021/02/23-09:19:50.063946 7f2b8ba69700                                     Options.env: 0x7f2b451bf100
2021/02/23-09:19:50.063949 7f2b8ba69700                                      Options.fs: Posix File System
2021/02/23-09:19:50.063951 7f2b8ba69700                                Options.info_log: 0x7f2b852cf080
2021/02/23-09:19:50.063953 7f2b8ba69700                Options.max_file_opening_threads: 16
2021/02/23-09:19:50.063956 7f2b8ba69700                              Options.statistics: (nil)
2021/02/23-09:19:50.063958 7f2b8ba69700                               Options.use_fsync: 0
2021/02/23-09:19:50.063961 7f2b8ba69700                       Options.max_log_file_size: 0
2021/02/23-09:19:50.063963 7f2b8ba69700                  Options.max_manifest_file_size: 1073741824
2021/02/23-09:19:50.063965 7f2b8ba69700                   Options.log_file_time_to_roll: 0
2021/02/23-09:19:50.063967 7f2b8ba69700                       Options.keep_log_file_num: 1000
2021/02/23-09:19:50.063969 7f2b8ba69700                    Options.recycle_log_file_num: 0
2021/02/23-09:19:50.063972 7f2b8ba69700                         Options.allow_fallocate: 1
2021/02/23-09:19:50.063974 7f2b8ba69700                        Options.allow_mmap_reads: 0
2021/02/23-09:19:50.063976 7f2b8ba69700                       Options.allow_mmap_writes: 0
2021/02/23-09:19:50.063978 7f2b8ba69700                        Options.use_direct_reads: 0
2021/02/23-09:19:50.063980 7f2b8ba69700                        Options.use_direct_io_for_flush_and_compaction: 0
2021/02/23-09:19:50.063982 7f2b8ba69700          Options.create_missing_column_families: 1
2021/02/23-09:19:50.063985 7f2b8ba69700                              Options.db_log_dir: 
2021/02/23-09:19:50.063987 7f2b8ba69700                                 Options.wal_dir: /root/.mantis/pottery/rocksdb
2021/02/23-09:19:50.063989 7f2b8ba69700                Options.table_cache_numshardbits: 6
2021/02/23-09:19:50.063991 7f2b8ba69700                      Options.max_subcompactions: 1
2021/02/23-09:19:50.063993 7f2b8ba69700                         Options.WAL_ttl_seconds: 0
2021/02/23-09:19:50.063996 7f2b8ba69700                       Options.WAL_size_limit_MB: 0
2021/02/23-09:19:50.063998 7f2b8ba69700                        Options.max_write_batch_group_size_bytes: 1048576
2021/02/23-09:19:50.064000 7f2b8ba69700             Options.manifest_preallocation_size: 4194304
2021/02/23-09:19:50.064002 7f2b8ba69700                     Options.is_fd_close_on_exec: 1
2021/02/23-09:19:50.064004 7f2b8ba69700                   Options.advise_random_on_open: 1
2021/02/23-09:19:50.064006 7f2b8ba69700                    Options.db_write_buffer_size: 0
2021/02/23-09:19:50.064009 7f2b8ba69700                    Options.write_buffer_manager: 0x7f2b852d78f0
2021/02/23-09:19:50.064011 7f2b8ba69700         Options.access_hint_on_compaction_start: 1
2021/02/23-09:19:50.064013 7f2b8ba69700  Options.new_table_reader_for_compaction_inputs: 0
2021/02/23-09:19:50.064015 7f2b8ba69700           Options.random_access_max_buffer_size: 1048576
2021/02/23-09:19:50.064017 7f2b8ba69700                      Options.use_adaptive_mutex: 0
2021/02/23-09:19:50.064035 7f2b8ba69700                            Options.rate_limiter: (nil)
2021/02/23-09:19:50.064041 7f2b8ba69700     Options.sst_file_manager.rate_bytes_per_sec: 0
2021/02/23-09:19:50.064044 7f2b8ba69700                       Options.wal_recovery_mode: 2
2021/02/23-09:19:50.064047 7f2b8ba69700                  Options.enable_thread_tracking: 0
2021/02/23-09:19:50.064049 7f2b8ba69700                  Options.enable_pipelined_write: 0
2021/02/23-09:19:50.064051 7f2b8ba69700                  Options.unordered_write: 0
2021/02/23-09:19:50.064053 7f2b8ba69700         Options.allow_concurrent_memtable_write: 1
2021/02/23-09:19:50.064055 7f2b8ba69700      Options.enable_write_thread_adaptive_yield: 1
2021/02/23-09:19:50.064058 7f2b8ba69700             Options.write_thread_max_yield_usec: 100
2021/02/23-09:19:50.064060 7f2b8ba69700            Options.write_thread_slow_yield_usec: 3
2021/02/23-09:19:50.064062 7f2b8ba69700                               Options.row_cache: None
2021/02/23-09:19:50.064064 7f2b8ba69700                              Options.wal_filter: None
2021/02/23-09:19:50.064067 7f2b8ba69700             Options.avoid_flush_during_recovery: 0
2021/02/23-09:19:50.064069 7f2b8ba69700             Options.allow_ingest_behind: 0
2021/02/23-09:19:50.064072 7f2b8ba69700             Options.preserve_deletes: 0
2021/02/23-09:19:50.064074 7f2b8ba69700             Options.two_write_queues: 0
2021/02/23-09:19:50.064076 7f2b8ba69700             Options.manual_wal_flush: 0
2021/02/23-09:19:50.064079 7f2b8ba69700             Options.atomic_flush: 0
2021/02/23-09:19:50.064081 7f2b8ba69700             Options.avoid_unnecessary_blocking_io: 0
2021/02/23-09:19:50.064084 7f2b8ba69700                 Options.persist_stats_to_disk: 0
2021/02/23-09:19:50.064086 7f2b8ba69700                 Options.write_dbid_to_manifest: 0
2021/02/23-09:19:50.064088 7f2b8ba69700                 Options.log_readahead_size: 0
2021/02/23-09:19:50.064090 7f2b8ba69700                 Options.file_checksum_gen_factory: Unknown
2021/02/23-09:19:50.064093 7f2b8ba69700                 Options.best_efforts_recovery: 0
2021/02/23-09:19:50.064096 7f2b8ba69700             Options.max_background_jobs: 1
2021/02/23-09:19:50.064099 7f2b8ba69700             Options.max_background_compactions: -1
2021/02/23-09:19:50.064101 7f2b8ba69700             Options.avoid_flush_during_shutdown: 0
2021/02/23-09:19:50.064104 7f2b8ba69700           Options.writable_file_max_buffer_size: 1048576
2021/02/23-09:19:50.064106 7f2b8ba69700             Options.delayed_write_rate : 16777216
2021/02/23-09:19:50.064109 7f2b8ba69700             Options.max_total_wal_size: 0
2021/02/23-09:19:50.064111 7f2b8ba69700             Options.delete_obsolete_files_period_micros: 21600000000
2021/02/23-09:19:50.064113 7f2b8ba69700                   Options.stats_dump_period_sec: 600
2021/02/23-09:19:50.064116 7f2b8ba69700                 Options.stats_persist_period_sec: 600
2021/02/23-09:19:50.064118 7f2b8ba69700                 Options.stats_history_buffer_size: 1048576
2021/02/23-09:19:50.064120 7f2b8ba69700                          Options.max_open_files: 32
2021/02/23-09:19:50.064123 7f2b8ba69700                          Options.bytes_per_sync: 0
2021/02/23-09:19:50.064125 7f2b8ba69700                      Options.wal_bytes_per_sync: 0
2021/02/23-09:19:50.064127 7f2b8ba69700                   Options.strict_bytes_per_sync: 0
2021/02/23-09:19:50.064129 7f2b8ba69700       Options.compaction_readahead_size: 0
2021/02/23-09:19:50.064131 7f2b8ba69700                  Options.max_background_flushes: -1
2021/02/23-09:19:50.064133 7f2b8ba69700 Compression algorithms supported:
2021/02/23-09:19:50.064135 7f2b8ba69700 	kZSTDNotFinalCompression supported: 1
2021/02/23-09:19:50.064145 7f2b8ba69700 	kZSTD supported: 1
2021/02/23-09:19:50.064149 7f2b8ba69700 	kXpressCompression supported: 0
2021/02/23-09:19:50.064151 7f2b8ba69700 	kLZ4HCCompression supported: 1
2021/02/23-09:19:50.064154 7f2b8ba69700 	kLZ4Compression supported: 1
2021/02/23-09:19:50.064156 7f2b8ba69700 	kBZip2Compression supported: 1
2021/02/23-09:19:50.064170 7f2b8ba69700 	kZlibCompression supported: 1
2021/02/23-09:19:50.064173 7f2b8ba69700 	kSnappyCompression supported: 1
2021/02/23-09:19:50.064181 7f2b8ba69700 Fast CRC32 supported: Not supported on x86
2021/02/23-09:19:50.071183 7f2b8ba69700 [/version_set.cc:4555] Recovering from manifest file: /root/.mantis/pottery/rocksdb/MANIFEST-000031
2021/02/23-09:19:50.071538 7f2b8ba69700 [/column_family.cc:579] --------------- Options for column family [default]:
2021/02/23-09:19:50.071547 7f2b8ba69700               Options.comparator: leveldb.BytewiseComparator
2021/02/23-09:19:50.071551 7f2b8ba69700           Options.merge_operator: None
2021/02/23-09:19:50.071555 7f2b8ba69700        Options.compaction_filter: None
2021/02/23-09:19:50.071557 7f2b8ba69700        Options.compaction_filter_factory: None
2021/02/23-09:19:50.071560 7f2b8ba69700         Options.memtable_factory: SkipListFactory
2021/02/23-09:19:50.071564 7f2b8ba69700            Options.table_factory: BlockBasedTable
2021/02/23-09:19:50.071599 7f2b8ba69700            table_factory options:   flush_block_policy_factory: FlushBlockBySizePolicyFactory (0x7f2b852cc110)
  cache_index_and_filter_blocks: 1
  cache_index_and_filter_blocks_with_high_priority: 0
  pin_l0_filter_and_index_blocks_in_cache: 1
  pin_top_level_index_and_filter: 1
  index_type: 0
  data_block_index_type: 0
  index_shortening: 1
  data_block_hash_table_util_ratio: 0.750000
  hash_index_allow_collision: 1
  checksum: 1
  no_block_cache: 0
  block_cache: 0x7f2b852cc150
  block_cache_name: LRUCache
  block_cache_options:
    capacity : 8388608
    num_shard_bits : 4
    strict_capacity_limit : 0
    memory_allocator : None
    high_pri_pool_ratio: 0.000
  block_cache_compressed: (nil)
  persistent_cache: (nil)
  block_size: 16384
  block_size_deviation: 10
  block_restart_interval: 16
  index_block_restart_interval: 1
  metadata_block_size: 4096
  partition_filters: 0
  use_delta_encoding: 1
  filter_policy: rocksdb.BuiltinBloomFilter
  whole_key_filtering: 1
  verify_compression: 1
  read_amp_bytes_per_bit: 0
  format_version: 2
  enable_index_compression: 1
  block_align: 0
2021/02/23-09:19:50.071604 7f2b8ba69700        Options.write_buffer_size: 67108864
2021/02/23-09:19:50.071606 7f2b8ba69700  Options.max_write_buffer_number: 2
2021/02/23-09:19:50.071610 7f2b8ba69700          Options.compression: LZ4
2021/02/23-09:19:50.071613 7f2b8ba69700                  Options.bottommost_compression: ZSTD
2021/02/23-09:19:50.071617 7f2b8ba69700       Options.prefix_extractor: nullptr
2021/02/23-09:19:50.071620 7f2b8ba69700   Options.memtable_insert_with_hint_prefix_extractor: nullptr
2021/02/23-09:19:50.071622 7f2b8ba69700             Options.num_levels: 7
2021/02/23-09:19:50.071625 7f2b8ba69700        Options.min_write_buffer_number_to_merge: 1
2021/02/23-09:19:50.071627 7f2b8ba69700     Options.max_write_buffer_number_to_maintain: 0
2021/02/23-09:19:50.071630 7f2b8ba69700     Options.max_write_buffer_size_to_maintain: 0
2021/02/23-09:19:50.071633 7f2b8ba69700            Options.bottommost_compression_opts.window_bits: -14
2021/02/23-09:19:50.071635 7f2b8ba69700                  Options.bottommost_compression_opts.level: 32767
2021/02/23-09:19:50.071638 7f2b8ba69700               Options.bottommost_compression_opts.strategy: 0
2021/02/23-09:19:50.071641 7f2b8ba69700         Options.bottommost_compression_opts.max_dict_bytes: 0
2021/02/23-09:19:50.071643 7f2b8ba69700         Options.bottommost_compression_opts.zstd_max_train_bytes: 0
2021/02/23-09:19:50.071646 7f2b8ba69700         Options.bottommost_compression_opts.parallel_threads: 1
2021/02/23-09:19:50.071649 7f2b8ba69700                  Options.bottommost_compression_opts.enabled: false
2021/02/23-09:19:50.071651 7f2b8ba69700            Options.compression_opts.window_bits: -14
2021/02/23-09:19:50.071654 7f2b8ba69700                  Options.compression_opts.level: 32767
2021/02/23-09:19:50.071657 7f2b8ba69700               Options.compression_opts.strategy: 0
2021/02/23-09:19:50.071659 7f2b8ba69700         Options.compression_opts.max_dict_bytes: 0
2021/02/23-09:19:50.071689 7f2b8ba69700         Options.compression_opts.zstd_max_train_bytes: 0
2021/02/23-09:19:50.071693 7f2b8ba69700         Options.compression_opts.parallel_threads: 1
2021/02/23-09:19:50.071696 7f2b8ba69700                  Options.compression_opts.enabled: false
2021/02/23-09:19:50.071698 7f2b8ba69700      Options.level0_file_num_compaction_trigger: 4
2021/02/23-09:19:50.071701 7f2b8ba69700          Options.level0_slowdown_writes_trigger: 20
2021/02/23-09:19:50.071704 7f2b8ba69700              Options.level0_stop_writes_trigger: 36
2021/02/23-09:19:50.071706 7f2b8ba69700                   Options.target_file_size_base: 67108864
2021/02/23-09:19:50.071708 7f2b8ba69700             Options.target_file_size_multiplier: 1
2021/02/23-09:19:50.071711 7f2b8ba69700                Options.max_bytes_for_level_base: 268435456
2021/02/23-09:19:50.071714 7f2b8ba69700 Options.level_compaction_dynamic_level_bytes: 1
2021/02/23-09:19:50.071716 7f2b8ba69700          Options.max_bytes_for_level_multiplier: 10.000000
2021/02/23-09:19:50.071721 7f2b8ba69700 Options.max_bytes_for_level_multiplier_addtl[0]: 1
2021/02/23-09:19:50.071723 7f2b8ba69700 Options.max_bytes_for_level_multiplier_addtl[1]: 1
2021/02/23-09:19:50.071726 7f2b8ba69700 Options.max_bytes_for_level_multiplier_addtl[2]: 1
2021/02/23-09:19:50.071727 7f2b8ba69700 Options.max_bytes_for_level_multiplier_addtl[3]: 1
2021/02/23-09:19:50.071730 7f2b8ba69700 Options.max_bytes_for_level_multiplier_addtl[4]: 1
2021/02/23-09:19:50.071732 7f2b8ba69700 Options.max_bytes_for_level_multiplier_addtl[5]: 1
2021/02/23-09:19:50.071735 7f2b8ba69700 Options.max_bytes_for_level_multiplier_addtl[6]: 1
2021/02/23-09:19:50.071738 7f2b8ba69700       Options.max_sequential_skip_in_iterations: 8
2021/02/23-09:19:50.071740 7f2b8ba69700                    Options.max_compaction_bytes: 1677721600
2021/02/23-09:19:50.071743 7f2b8ba69700                        Options.arena_block_size: 8388608
2021/02/23-09:19:50.071746 7f2b8ba69700   Options.soft_pending_compaction_bytes_limit: 68719476736
2021/02/23-09:19:50.071748 7f2b8ba69700   Options.hard_pending_compaction_bytes_limit: 274877906944
2021/02/23-09:19:50.071749 7f2b8ba69700       Options.rate_limit_delay_max_milliseconds: 100
2021/02/23-09:19:50.071751 7f2b8ba69700                Options.disable_auto_compactions: 0
2021/02/23-09:19:50.071755 7f2b8ba69700                        Options.compaction_style: kCompactionStyleLevel
2021/02/23-09:19:50.071757 7f2b8ba69700                          Options.compaction_pri: kMinOverlappingRatio
2021/02/23-09:19:50.071760 7f2b8ba69700 Options.compaction_options_universal.size_ratio: 1
2021/02/23-09:19:50.071762 7f2b8ba69700 Options.compaction_options_universal.min_merge_width: 2
2021/02/23-09:19:50.071765 7f2b8ba69700 Options.compaction_options_universal.max_merge_width: 4294967295
2021/02/23-09:19:50.071768 7f2b8ba69700 Options.compaction_options_universal.max_size_amplification_percent: 200
2021/02/23-09:19:50.071770 7f2b8ba69700 Options.compaction_options_universal.compression_size_percent: -1
2021/02/23-09:19:50.071773 7f2b8ba69700 Options.compaction_options_universal.stop_style: kCompactionStopStyleTotalSize
2021/02/23-09:19:50.071775 7f2b8ba69700 Options.compaction_options_fifo.max_table_files_size: 1073741824
2021/02/23-09:19:50.071778 7f2b8ba69700 Options.compaction_options_fifo.allow_compaction: 0
2021/02/23-09:19:50.071793 7f2b8ba69700                   Options.table_properties_collectors: 
2021/02/23-09:19:50.071798 7f2b8ba69700                   Options.inplace_update_support: 0
2021/02/23-09:19:50.071800 7f2b8ba69700                 Options.inplace_update_num_locks: 10000
2021/02/23-09:19:50.071803 7f2b8ba69700               Options.memtable_prefix_bloom_size_ratio: 0.000000
2021/02/23-09:19:50.071807 7f2b8ba69700               Options.memtable_whole_key_filtering: 0
2021/02/23-09:19:50.071809 7f2b8ba69700   Options.memtable_huge_page_size: 0
2021/02/23-09:19:50.071811 7f2b8ba69700                           Options.bloom_locality: 0
2021/02/23-09:19:50.071814 7f2b8ba69700                    Options.max_successive_merges: 0
2021/02/23-09:19:50.071834 7f2b8ba69700                Options.optimize_filters_for_hits: 0
2021/02/23-09:19:50.071838 7f2b8ba69700                Options.paranoid_file_checks: 0
2021/02/23-09:19:50.071840 7f2b8ba69700                Options.force_consistency_checks: 0
2021/02/23-09:19:50.071843 7f2b8ba69700                Options.report_bg_io_stats: 0
2021/02/23-09:19:50.071845 7f2b8ba69700                               Options.ttl: 2592000
2021/02/23-09:19:50.071847 7f2b8ba69700          Options.periodic_compaction_seconds: 0
2021/02/23-09:19:50.075295 7f2b8ba69700 [/column_family.cc:579] --------------- Options for column family [r]:
2021/02/23-09:19:50.075313 7f2b8ba69700               Options.comparator: leveldb.BytewiseComparator
2021/02/23-09:19:50.075317 7f2b8ba69700           Options.merge_operator: None
2021/02/23-09:19:50.075320 7f2b8ba69700        Options.compaction_filter: None
2021/02/23-09:19:50.075322 7f2b8ba69700        Options.compaction_filter_factory: None
2021/02/23-09:19:50.075325 7f2b8ba69700         Options.memtable_factory: SkipListFactory
2021/02/23-09:19:50.075327 7f2b8ba69700            Options.table_factory: BlockBasedTable
2021/02/23-09:19:50.075360 7f2b8ba69700            table_factory options:   flush_block_policy_factory: FlushBlockBySizePolicyFactory (0x7f2b852cc110)
  cache_index_and_filter_blocks: 1
  cache_index_and_filter_blocks_with_high_priority: 0
  pin_l0_filter_and_index_blocks_in_cache: 1
  pin_top_level_index_and_filter: 1
  index_type: 0
  data_block_index_type: 0
  index_shortening: 1
  data_block_hash_table_util_ratio: 0.750000
  hash_index_allow_collision: 1
  checksum: 1
  no_block_cache: 0
  block_cache: 0x7f2b852cc150
  block_cache_name: LRUCache
  block_cache_options:
    capacity : 8388608
    num_shard_bits : 4
    strict_capacity_limit : 0
    memory_allocator : None
    high_pri_pool_ratio: 0.000
  block_cache_compressed: (nil)
  persistent_cache: (nil)
  block_size: 16384
  block_size_deviation: 10
  block_restart_interval: 16
  index_block_restart_interval: 1
  metadata_block_size: 4096
  partition_filters: 0
  use_delta_encoding: 1
  filter_policy: rocksdb.BuiltinBloomFilter
  whole_key_filtering: 1
  verify_compression: 1
  read_amp_bytes_per_bit: 0
  format_version: 2
  enable_index_compression: 1
  block_align: 0
2021/02/23-09:19:50.075364 7f2b8ba69700        Options.write_buffer_size: 67108864
2021/02/23-09:19:50.075366 7f2b8ba69700  Options.max_write_buffer_number: 2
2021/02/23-09:19:50.075369 7f2b8ba69700          Options.compression: LZ4
2021/02/23-09:19:50.075372 7f2b8ba69700                  Options.bottommost_compression: ZSTD
2021/02/23-09:19:50.075374 7f2b8ba69700       Options.prefix_extractor: nullptr
2021/02/23-09:19:50.075377 7f2b8ba69700   Options.memtable_insert_with_hint_prefix_extractor: nullptr
2021/02/23-09:19:50.075379 7f2b8ba69700             Options.num_levels: 7
2021/02/23-09:19:50.075381 7f2b8ba69700        Options.min_write_buffer_number_to_merge: 1
2021/02/23-09:19:50.075384 7f2b8ba69700     Options.max_write_buffer_number_to_maintain: 0
2021/02/23-09:19:50.075386 7f2b8ba69700     Options.max_write_buffer_size_to_maintain: 0
2021/02/23-09:19:50.075388 7f2b8ba69700            Options.bottommost_compression_opts.window_bits: -14
2021/02/23-09:19:50.075390 7f2b8ba69700                  Options.bottommost_compression_opts.level: 32767
2021/02/23-09:19:50.075392 7f2b8ba69700               Options.bottommost_compression_opts.strategy: 0
2021/02/23-09:19:50.075394 7f2b8ba69700         Options.bottommost_compression_opts.max_dict_bytes: 0
2021/02/23-09:19:50.075396 7f2b8ba69700         Options.bottommost_compression_opts.zstd_max_train_bytes: 0
2021/02/23-09:19:50.075399 7f2b8ba69700         Options.bottommost_compression_opts.parallel_threads: 1
2021/02/23-09:19:50.075401 7f2b8ba69700                  Options.bottommost_compression_opts.enabled: false
2021/02/23-09:19:50.075403 7f2b8ba69700            Options.compression_opts.window_bits: -14
2021/02/23-09:19:50.075405 7f2b8ba69700                  Options.compression_opts.level: 32767
2021/02/23-09:19:50.075434 7f2b8ba69700               Options.compression_opts.strategy: 0
2021/02/23-09:19:50.075438 7f2b8ba69700         Options.compression_opts.max_dict_bytes: 0
2021/02/23-09:19:50.075440 7f2b8ba69700         Options.compression_opts.zstd_max_train_bytes: 0
2021/02/23-09:19:50.075442 7f2b8ba69700         Options.compression_opts.parallel_threads: 1
2021/02/23-09:19:50.075444 7f2b8ba69700                  Options.compression_opts.enabled: false
2021/02/23-09:19:50.075446 7f2b8ba69700      Options.level0_file_num_compaction_trigger: 4
2021/02/23-09:19:50.075448 7f2b8ba69700          Options.level0_slowdown_writes_trigger: 20
2021/02/23-09:19:50.075450 7f2b8ba69700              Options.level0_stop_writes_trigger: 36
2021/02/23-09:19:50.075452 7f2b8ba69700                   Options.target_file_size_base: 67108864
2021/02/23-09:19:50.075454 7f2b8ba69700             Options.target_file_size_multiplier: 1
2021/02/23-09:19:50.075456 7f2b8ba69700                Options.max_bytes_for_level_base: 268435456
2021/02/23-09:19:50.075458 7f2b8ba69700 Options.level_compaction_dynamic_level_bytes: 1
2021/02/23-09:19:50.075460 7f2b8ba69700          Options.max_bytes_for_level_multiplier: 10.000000
2021/02/23-09:19:50.075464 7f2b8ba69700 Options.max_bytes_for_level_multiplier_addtl[0]: 1
2021/02/23-09:19:50.075467 7f2b8ba69700 Options.max_bytes_for_level_multiplier_addtl[1]: 1
2021/02/23-09:19:50.075469 7f2b8ba69700 Options.max_bytes_for_level_multiplier_addtl[2]: 1
2021/02/23-09:19:50.075471 7f2b8ba69700 Options.max_bytes_for_level_multiplier_addtl[3]: 1
2021/02/23-09:19:50.075473 7f2b8ba69700 Options.max_bytes_for_level_multiplier_addtl[4]: 1
2021/02/23-09:19:50.075475 7f2b8ba69700 Options.max_bytes_for_level_multiplier_addtl[5]: 1
2021/02/23-09:19:50.075477 7f2b8ba69700 Options.max_bytes_for_level_multiplier_addtl[6]: 1
2021/02/23-09:19:50.075479 7f2b8ba69700       Options.max_sequential_skip_in_iterations: 8
2021/02/23-09:19:50.075481 7f2b8ba69700                    Options.max_compaction_bytes: 1677721600
2021/02/23-09:19:50.075483 7f2b8ba69700                        Options.arena_block_size: 8388608
2021/02/23-09:19:50.075485 7f2b8ba69700   Options.soft_pending_compaction_bytes_limit: 68719476736
2021/02/23-09:19:50.075487 7f2b8ba69700   Options.hard_pending_compaction_bytes_limit: 274877906944
2021/02/23-09:19:50.075489 7f2b8ba69700       Options.rate_limit_delay_max_milliseconds: 100
2021/02/23-09:19:50.075491 7f2b8ba69700                Options.disable_auto_compactions: 0
2021/02/23-09:19:50.075494 7f2b8ba69700                        Options.compaction_style: kCompactionStyleLevel
2021/02/23-09:19:50.075496 7f2b8ba69700                          Options.compaction_pri: kMinOverlappingRatio
2021/02/23-09:19:50.075498 7f2b8ba69700 Options.compaction_options_universal.size_ratio: 1
2021/02/23-09:19:50.075500 7f2b8ba69700 Options.compaction_options_universal.min_merge_width: 2
2021/02/23-09:19:50.075502 7f2b8ba69700 Options.compaction_options_universal.max_merge_width: 4294967295
2021/02/23-09:19:50.075504 7f2b8ba69700 Options.compaction_options_universal.max_size_amplification_percent: 200
2021/02/23-09:19:50.075506 7f2b8ba69700 Options.compaction_options_universal.compression_size_percent: -1
2021/02/23-09:19:50.075508 7f2b8ba69700 Options.compaction_options_universal.stop_style: kCompactionStopStyleTotalSize
2021/02/23-09:19:50.075510 7f2b8ba69700 Options.compaction_options_fifo.max_table_files_size: 1073741824
2021/02/23-09:19:50.075513 7f2b8ba69700 Options.compaction_options_fifo.allow_compaction: 0
2021/02/23-09:19:50.075521 7f2b8ba69700                   Options.table_properties_collectors: 
2021/02/23-09:19:50.075524 7f2b8ba69700                   Options.inplace_update_support: 0
2021/02/23-09:19:50.075526 7f2b8ba69700                 Options.inplace_update_num_locks: 10000
2021/02/23-09:19:50.075528 7f2b8ba69700               Options.memtable_prefix_bloom_size_ratio: 0.000000
2021/02/23-09:19:50.075531 7f2b8ba69700               Options.memtable_whole_key_filtering: 0
2021/02/23-09:19:50.075546 7f2b8ba69700   Options.memtable_huge_page_size: 0
2021/02/23-09:19:50.075549 7f2b8ba69700                           Options.bloom_locality: 0
2021/02/23-09:19:50.075551 7f2b8ba69700                    Options.max_successive_merges: 0
2021/02/23-09:19:50.075553 7f2b8ba69700                Options.optimize_filters_for_hits: 0
2021/02/23-09:19:50.075554 7f2b8ba69700                Options.paranoid_file_checks: 0
2021/02/23-09:19:50.075556 7f2b8ba69700                Options.force_consistency_checks: 0
2021/02/23-09:19:50.075558 7f2b8ba69700                Options.report_bg_io_stats: 0
2021/02/23-09:19:50.075560 7f2b8ba69700                               Options.ttl: 2592000
2021/02/23-09:19:50.075562 7f2b8ba69700          Options.periodic_compaction_seconds: 0
2021/02/23-09:19:50.075622 7f2b8ba69700 [/column_family.cc:579] --------------- Options for column family [h]:
2021/02/23-09:19:50.075628 7f2b8ba69700               Options.comparator: leveldb.BytewiseComparator
2021/02/23-09:19:50.075630 7f2b8ba69700           Options.merge_operator: None
2021/02/23-09:19:50.075632 7f2b8ba69700        Options.compaction_filter: None
2021/02/23-09:19:50.075634 7f2b8ba69700        Options.compaction_filter_factory: None
2021/02/23-09:19:50.075636 7f2b8ba69700         Options.memtable_factory: SkipListFactory
2021/02/23-09:19:50.075638 7f2b8ba69700            Options.table_factory: BlockBasedTable
2021/02/23-09:19:50.075665 7f2b8ba69700            table_factory options:   flush_block_policy_factory: FlushBlockBySizePolicyFactory (0x7f2b852cc110)
  cache_index_and_filter_blocks: 1
  cache_index_and_filter_blocks_with_high_priority: 0
  pin_l0_filter_and_index_blocks_in_cache: 1
  pin_top_level_index_and_filter: 1
  index_type: 0
  data_block_index_type: 0
  index_shortening: 1
  data_block_hash_table_util_ratio: 0.750000
  hash_index_allow_collision: 1
  checksum: 1
  no_block_cache: 0
  block_cache: 0x7f2b852cc150
  block_cache_name: LRUCache
  block_cache_options:
    capacity : 8388608
    num_shard_bits : 4
    strict_capacity_limit : 0
    memory_allocator : None
    high_pri_pool_ratio: 0.000
  block_cache_compressed: (nil)
  persistent_cache: (nil)
  block_size: 16384
  block_size_deviation: 10
  block_restart_interval: 16
  index_block_restart_interval: 1
  metadata_block_size: 4096
  partition_filters: 0
  use_delta_encoding: 1
  filter_policy: rocksdb.BuiltinBloomFilter
  whole_key_filtering: 1
  verify_compression: 1
  read_amp_bytes_per_bit: 0
  format_version: 2
  enable_index_compression: 1
  block_align: 0
2021/02/23-09:19:50.075668 7f2b8ba69700        Options.write_buffer_size: 67108864
2021/02/23-09:19:50.075670 7f2b8ba69700  Options.max_write_buffer_number: 2
2021/02/23-09:19:50.075673 7f2b8ba69700          Options.compression: LZ4
2021/02/23-09:19:50.075676 7f2b8ba69700                  Options.bottommost_compression: ZSTD
2021/02/23-09:19:50.075678 7f2b8ba69700       Options.prefix_extractor: nullptr
2021/02/23-09:19:50.075681 7f2b8ba69700   Options.memtable_insert_with_hint_prefix_extractor: nullptr
2021/02/23-09:19:50.075683 7f2b8ba69700             Options.num_levels: 7
2021/02/23-09:19:50.075685 7f2b8ba69700        Options.min_write_buffer_number_to_merge: 1
2021/02/23-09:19:50.075687 7f2b8ba69700     Options.max_write_buffer_number_to_maintain: 0
2021/02/23-09:19:50.075689 7f2b8ba69700     Options.max_write_buffer_size_to_maintain: 0
2021/02/23-09:19:50.075691 7f2b8ba69700            Options.bottommost_compression_opts.window_bits: -14
2021/02/23-09:19:50.075693 7f2b8ba69700                  Options.bottommost_compression_opts.level: 32767
2021/02/23-09:19:50.075696 7f2b8ba69700               Options.bottommost_compression_opts.strategy: 0
2021/02/23-09:19:50.075698 7f2b8ba69700         Options.bottommost_compression_opts.max_dict_bytes: 0
2021/02/23-09:19:50.075700 7f2b8ba69700         Options.bottommost_compression_opts.zstd_max_train_bytes: 0
2021/02/23-09:19:50.075702 7f2b8ba69700         Options.bottommost_compression_opts.parallel_threads: 1
2021/02/23-09:19:50.075720 7f2b8ba69700                  Options.bottommost_compression_opts.enabled: false
2021/02/23-09:19:50.075723 7f2b8ba69700            Options.compression_opts.window_bits: -14
2021/02/23-09:19:50.075726 7f2b8ba69700                  Options.compression_opts.level: 32767
2021/02/23-09:19:50.075728 7f2b8ba69700               Options.compression_opts.strategy: 0
2021/02/23-09:19:50.075730 7f2b8ba69700         Options.compression_opts.max_dict_bytes: 0
2021/02/23-09:19:50.075732 7f2b8ba69700         Options.compression_opts.zstd_max_train_bytes: 0
2021/02/23-09:19:50.075735 7f2b8ba69700         Options.compression_opts.parallel_threads: 1
2021/02/23-09:19:50.075737 7f2b8ba69700                  Options.compression_opts.enabled: false
2021/02/23-09:19:50.075739 7f2b8ba69700      Options.level0_file_num_compaction_trigger: 4
2021/02/23-09:19:50.075741 7f2b8ba69700          Options.level0_slowdown_writes_trigger: 20
2021/02/23-09:19:50.075743 7f2b8ba69700              Options.level0_stop_writes_trigger: 36
2021/02/23-09:19:50.075745 7f2b8ba69700                   Options.target_file_size_base: 67108864
2021/02/23-09:19:50.075747 7f2b8ba69700             Options.target_file_size_multiplier: 1
2021/02/23-09:19:50.075749 7f2b8ba69700                Options.max_bytes_for_level_base: 268435456
2021/02/23-09:19:50.075751 7f2b8ba69700 Options.level_compaction_dynamic_level_bytes: 1
2021/02/23-09:19:50.075753 7f2b8ba69700          Options.max_bytes_for_level_multiplier: 10.000000
2021/02/23-09:19:50.075756 7f2b8ba69700 Options.max_bytes_for_level_multiplier_addtl[0]: 1
2021/02/23-09:19:50.075759 7f2b8ba69700 Options.max_bytes_for_level_multiplier_addtl[1]: 1
2021/02/23-09:19:50.075761 7f2b8ba69700 Options.max_bytes_for_level_multiplier_addtl[2]: 1
2021/02/23-09:19:50.075763 7f2b8ba69700 Options.max_bytes_for_level_multiplier_addtl[3]: 1
2021/02/23-09:19:50.075765 7f2b8ba69700 Options.max_bytes_for_level_multiplier_addtl[4]: 1
2021/02/23-09:19:50.075767 7f2b8ba69700 Options.max_bytes_for_level_multiplier_addtl[5]: 1
2021/02/23-09:19:50.075769 7f2b8ba69700 Options.max_bytes_for_level_multiplier_addtl[6]: 1
2021/02/23-09:19:50.075771 7f2b8ba69700       Options.max_sequential_skip_in_iterations: 8
2021/02/23-09:19:50.075773 7f2b8ba69700                    Options.max_compaction_bytes: 1677721600
2021/02/23-09:19:50.075775 7f2b8ba69700                        Options.arena_block_size: 8388608
2021/02/23-09:19:50.075777 7f2b8ba69700   Options.soft_pending_compaction_bytes_limit: 68719476736
2021/02/23-09:19:50.075779 7f2b8ba69700   Options.hard_pending_compaction_bytes_limit: 274877906944
2021/02/23-09:19:50.075781 7f2b8ba69700       Options.rate_limit_delay_max_milliseconds: 100
2021/02/23-09:19:50.075782 7f2b8ba69700                Options.disable_auto_compactions: 0
2021/02/23-09:19:50.075785 7f2b8ba69700                        Options.compaction_style: kCompactionStyleLevel
2021/02/23-09:19:50.075787 7f2b8ba69700                          Options.compaction_pri: kMinOverlappingRatio
2021/02/23-09:19:50.075789 7f2b8ba69700 Options.compaction_options_universal.size_ratio: 1
2021/02/23-09:19:50.075791 7f2b8ba69700 Options.compaction_options_universal.min_merge_width: 2
2021/02/23-09:19:50.075793 7f2b8ba69700 Options.compaction_options_universal.max_merge_width: 4294967295
2021/02/23-09:19:50.075795 7f2b8ba69700 Options.compaction_options_universal.max_size_amplification_percent: 200
2021/02/23-09:19:50.075797 7f2b8ba69700 Options.compaction_options_universal.compression_size_percent: -1
2021/02/23-09:19:50.075800 7f2b8ba69700 Options.compaction_options_universal.stop_style: kCompactionStopStyleTotalSize
2021/02/23-09:19:50.075802 7f2b8ba69700 Options.compaction_options_fifo.max_table_files_size: 1073741824
2021/02/23-09:19:50.075804 7f2b8ba69700 Options.compaction_options_fifo.allow_compaction: 0
2021/02/23-09:19:50.075809 7f2b8ba69700                   Options.table_properties_collectors: 
2021/02/23-09:19:50.075811 7f2b8ba69700                   Options.inplace_update_support: 0
2021/02/23-09:19:50.075813 7f2b8ba69700                 Options.inplace_update_num_locks: 10000
2021/02/23-09:19:50.075826 7f2b8ba69700               Options.memtable_prefix_bloom_size_ratio: 0.000000
2021/02/23-09:19:50.075830 7f2b8ba69700               Options.memtable_whole_key_filtering: 0
2021/02/23-09:19:50.075833 7f2b8ba69700   Options.memtable_huge_page_size: 0
2021/02/23-09:19:50.075835 7f2b8ba69700                           Options.bloom_locality: 0
2021/02/23-09:19:50.075836 7f2b8ba69700                    Options.max_successive_merges: 0
2021/02/23-09:19:50.075838 7f2b8ba69700                Options.optimize_filters_for_hits: 0
2021/02/23-09:19:50.075840 7f2b8ba69700                Options.paranoid_file_checks: 0
2021/02/23-09:19:50.075842 7f2b8ba69700                Options.force_consistency_checks: 0
2021/02/23-09:19:50.075844 7f2b8ba69700                Options.report_bg_io_stats: 0
2021/02/23-09:19:50.075846 7f2b8ba69700                               Options.ttl: 2592000
2021/02/23-09:19:50.075848 7f2b8ba69700          Options.periodic_compaction_seconds: 0
2021/02/23-09:19:50.075887 7f2b8ba69700 [/column_family.cc:579] --------------- Options for column family [b]:
2021/02/23-09:19:50.075892 7f2b8ba69700               Options.comparator: leveldb.BytewiseComparator
2021/02/23-09:19:50.075894 7f2b8ba69700           Options.merge_operator: None
2021/02/23-09:19:50.075896 7f2b8ba69700        Options.compaction_filter: None
2021/02/23-09:19:50.075898 7f2b8ba69700        Options.compaction_filter_factory: None
2021/02/23-09:19:50.075900 7f2b8ba69700         Options.memtable_factory: SkipListFactory
2021/02/23-09:19:50.075901 7f2b8ba69700            Options.table_factory: BlockBasedTable
2021/02/23-09:19:50.075924 7f2b8ba69700            table_factory options:   flush_block_policy_factory: FlushBlockBySizePolicyFactory (0x7f2b852cc110)
  cache_index_and_filter_blocks: 1
  cache_index_and_filter_blocks_with_high_priority: 0
  pin_l0_filter_and_index_blocks_in_cache: 1
  pin_top_level_index_and_filter: 1
  index_type: 0
  data_block_index_type: 0
  index_shortening: 1
  data_block_hash_table_util_ratio: 0.750000
  hash_index_allow_collision: 1
  checksum: 1
  no_block_cache: 0
  block_cache: 0x7f2b852cc150
  block_cache_name: LRUCache
  block_cache_options:
    capacity : 8388608
    num_shard_bits : 4
    strict_capacity_limit : 0
    memory_allocator : None
    high_pri_pool_ratio: 0.000
  block_cache_compressed: (nil)
  persistent_cache: (nil)
  block_size: 16384
  block_size_deviation: 10
  block_restart_interval: 16
  index_block_restart_interval: 1
  metadata_block_size: 4096
  partition_filters: 0
  use_delta_encoding: 1
  filter_policy: rocksdb.BuiltinBloomFilter
  whole_key_filtering: 1
  verify_compression: 1
  read_amp_bytes_per_bit: 0
  format_version: 2
  enable_index_compression: 1
  block_align: 0
2021/02/23-09:19:50.075927 7f2b8ba69700        Options.write_buffer_size: 67108864
2021/02/23-09:19:50.075929 7f2b8ba69700  Options.max_write_buffer_number: 2
2021/02/23-09:19:50.075931 7f2b8ba69700          Options.compression: LZ4
2021/02/23-09:19:50.075934 7f2b8ba69700                  Options.bottommost_compression: ZSTD
2021/02/23-09:19:50.075936 7f2b8ba69700       Options.prefix_extractor: nullptr
2021/02/23-09:19:50.075938 7f2b8ba69700   Options.memtable_insert_with_hint_prefix_extractor: nullptr
2021/02/23-09:19:50.075940 7f2b8ba69700             Options.num_levels: 7
2021/02/23-09:19:50.075942 7f2b8ba69700        Options.min_write_buffer_number_to_merge: 1
2021/02/23-09:19:50.075944 7f2b8ba69700     Options.max_write_buffer_number_to_maintain: 0
2021/02/23-09:19:50.075946 7f2b8ba69700     Options.max_write_buffer_size_to_maintain: 0
2021/02/23-09:19:50.075949 7f2b8ba69700            Options.bottommost_compression_opts.window_bits: -14
2021/02/23-09:19:50.075951 7f2b8ba69700                  Options.bottommost_compression_opts.level: 32767
2021/02/23-09:19:50.075953 7f2b8ba69700               Options.bottommost_compression_opts.strategy: 0
2021/02/23-09:19:50.075955 7f2b8ba69700         Options.bottommost_compression_opts.max_dict_bytes: 0
2021/02/23-09:19:50.075969 7f2b8ba69700         Options.bottommost_compression_opts.zstd_max_train_bytes: 0
2021/02/23-09:19:50.075972 7f2b8ba69700         Options.bottommost_compression_opts.parallel_threads: 1
2021/02/23-09:19:50.075974 7f2b8ba69700                  Options.bottommost_compression_opts.enabled: false
2021/02/23-09:19:50.075976 7f2b8ba69700            Options.compression_opts.window_bits: -14
2021/02/23-09:19:50.075978 7f2b8ba69700                  Options.compression_opts.level: 32767
2021/02/23-09:19:50.075980 7f2b8ba69700               Options.compression_opts.strategy: 0
2021/02/23-09:19:50.075982 7f2b8ba69700         Options.compression_opts.max_dict_bytes: 0
2021/02/23-09:19:50.075984 7f2b8ba69700         Options.compression_opts.zstd_max_train_bytes: 0
2021/02/23-09:19:50.075986 7f2b8ba69700         Options.compression_opts.parallel_threads: 1
2021/02/23-09:19:50.075988 7f2b8ba69700                  Options.compression_opts.enabled: false
2021/02/23-09:19:50.075990 7f2b8ba69700      Options.level0_file_num_compaction_trigger: 4
2021/02/23-09:19:50.075992 7f2b8ba69700          Options.level0_slowdown_writes_trigger: 20
2021/02/23-09:19:50.075994 7f2b8ba69700              Options.level0_stop_writes_trigger: 36
2021/02/23-09:19:50.075996 7f2b8ba69700                   Options.target_file_size_base: 67108864
2021/02/23-09:19:50.075998 7f2b8ba69700             Options.target_file_size_multiplier: 1
2021/02/23-09:19:50.076001 7f2b8ba69700                Options.max_bytes_for_level_base: 268435456
2021/02/23-09:19:50.076003 7f2b8ba69700 Options.level_compaction_dynamic_level_bytes: 1
2021/02/23-09:19:50.076005 7f2b8ba69700          Options.max_bytes_for_level_multiplier: 10.000000
2021/02/23-09:19:50.076008 7f2b8ba69700 Options.max_bytes_for_level_multiplier_addtl[0]: 1
2021/02/23-09:19:50.076010 7f2b8ba69700 Options.max_bytes_for_level_multiplier_addtl[1]: 1
2021/02/23-09:19:50.076013 7f2b8ba69700 Options.max_bytes_for_level_multiplier_addtl[2]: 1
2021/02/23-09:19:50.076015 7f2b8ba69700 Options.max_bytes_for_level_multiplier_addtl[3]: 1
2021/02/23-09:19:50.076017 7f2b8ba69700 Options.max_bytes_for_level_multiplier_addtl[4]: 1
2021/02/23-09:19:50.076019 7f2b8ba69700 Options.max_bytes_for_level_multiplier_addtl[5]: 1
2021/02/23-09:19:50.076021 7f2b8ba69700 Options.max_bytes_for_level_multiplier_addtl[6]: 1
2021/02/23-09:19:50.076023 7f2b8ba69700       Options.max_sequential_skip_in_iterations: 8
2021/02/23-09:19:50.076026 7f2b8ba69700                    Options.max_compaction_bytes: 1677721600
2021/02/23-09:19:50.076028 7f2b8ba69700                        Options.arena_block_size: 8388608
2021/02/23-09:19:50.076030 7f2b8ba69700   Options.soft_pending_compaction_bytes_limit: 68719476736
2021/02/23-09:19:50.076032 7f2b8ba69700   Options.hard_pending_compaction_bytes_limit: 274877906944
2021/02/23-09:19:50.076034 7f2b8ba69700       Options.rate_limit_delay_max_milliseconds: 100
2021/02/23-09:19:50.076036 7f2b8ba69700                Options.disable_auto_compactions: 0
