2021/03/15-17:40:24.969607 7f64a1d8e640 RocksDB version: 6.15.2
2021/03/15-17:40:24.969692 7f64a1d8e640 Git sha rocksdb_build_git_sha:
2021/03/15-17:40:24.969698 7f64a1d8e640 Compile date Jan  4 2021
2021/03/15-17:40:24.969823 7f64a1d8e640 DB SUMMARY
2021/03/15-17:40:24.969828 7f64a1d8e640 DB Session ID:  RUZ5CGPQ4NTP299QKNJJ
2021/03/15-17:40:24.969911 7f64a1d8e640 CURRENT file:  CURRENT
2021/03/15-17:40:24.969915 7f64a1d8e640 IDENTITY file:  IDENTITY
2021/03/15-17:40:24.969924 7f64a1d8e640 MANIFEST file:  MANIFEST-000048 size: 1552 Bytes
2021/03/15-17:40:24.969929 7f64a1d8e640 SST files in /root/.mantis/pottery/rocksdb/ dir, Total Num: 8, files: 000030.sst 000031.sst 000032.sst 000033.sst 000034.sst 000040.sst 000041.sst 000047.sst 
2021/03/15-17:40:24.969972 7f64a1d8e640 Write Ahead Log file in /root/.mantis/pottery/rocksdb: 000049.log size: 367 ; 
2021/03/15-17:40:24.969979 7f64a1d8e640                         Options.error_if_exists: 0
2021/03/15-17:40:24.969981 7f64a1d8e640                       Options.create_if_missing: 1
2021/03/15-17:40:24.969983 7f64a1d8e640                         Options.paranoid_checks: 1
2021/03/15-17:40:24.969985 7f64a1d8e640                               Options.track_and_verify_wals_in_manifest: 0
2021/03/15-17:40:24.969987 7f64a1d8e640                                     Options.env: 0x7f6442bba3c0
2021/03/15-17:40:24.969989 7f64a1d8e640                                      Options.fs: Posix File System
2021/03/15-17:40:24.969991 7f64a1d8e640                                Options.info_log: 0x7f649d1fb1b0
2021/03/15-17:40:24.969993 7f64a1d8e640                Options.max_file_opening_threads: 16
2021/03/15-17:40:24.969994 7f64a1d8e640                              Options.statistics: (nil)
2021/03/15-17:40:24.969996 7f64a1d8e640                               Options.use_fsync: 0
2021/03/15-17:40:24.969998 7f64a1d8e640                       Options.max_log_file_size: 0
2021/03/15-17:40:24.970000 7f64a1d8e640                  Options.max_manifest_file_size: 1073741824
2021/03/15-17:40:24.970001 7f64a1d8e640                   Options.log_file_time_to_roll: 0
2021/03/15-17:40:24.970003 7f64a1d8e640                       Options.keep_log_file_num: 1000
2021/03/15-17:40:24.970005 7f64a1d8e640                    Options.recycle_log_file_num: 0
2021/03/15-17:40:24.970007 7f64a1d8e640                         Options.allow_fallocate: 1
2021/03/15-17:40:24.970008 7f64a1d8e640                        Options.allow_mmap_reads: 0
2021/03/15-17:40:24.970010 7f64a1d8e640                       Options.allow_mmap_writes: 0
2021/03/15-17:40:24.970012 7f64a1d8e640                        Options.use_direct_reads: 0
2021/03/15-17:40:24.970013 7f64a1d8e640                        Options.use_direct_io_for_flush_and_compaction: 0
2021/03/15-17:40:24.970015 7f64a1d8e640          Options.create_missing_column_families: 1
2021/03/15-17:40:24.970017 7f64a1d8e640                              Options.db_log_dir: 
2021/03/15-17:40:24.970019 7f64a1d8e640                                 Options.wal_dir: /root/.mantis/pottery/rocksdb
2021/03/15-17:40:24.970021 7f64a1d8e640                Options.table_cache_numshardbits: 6
2021/03/15-17:40:24.970023 7f64a1d8e640                         Options.WAL_ttl_seconds: 0
2021/03/15-17:40:24.970024 7f64a1d8e640                       Options.WAL_size_limit_MB: 0
2021/03/15-17:40:24.970026 7f64a1d8e640                        Options.max_write_batch_group_size_bytes: 1048576
2021/03/15-17:40:24.970028 7f64a1d8e640             Options.manifest_preallocation_size: 4194304
2021/03/15-17:40:24.970030 7f64a1d8e640                     Options.is_fd_close_on_exec: 1
2021/03/15-17:40:24.970032 7f64a1d8e640                   Options.advise_random_on_open: 1
2021/03/15-17:40:24.970034 7f64a1d8e640                    Options.db_write_buffer_size: 0
2021/03/15-17:40:24.970036 7f64a1d8e640                    Options.write_buffer_manager: 0x7f649d1f9410
2021/03/15-17:40:24.970037 7f64a1d8e640         Options.access_hint_on_compaction_start: 1
2021/03/15-17:40:24.970039 7f64a1d8e640  Options.new_table_reader_for_compaction_inputs: 0
2021/03/15-17:40:24.970041 7f64a1d8e640           Options.random_access_max_buffer_size: 1048576
2021/03/15-17:40:24.970061 7f64a1d8e640                      Options.use_adaptive_mutex: 0
2021/03/15-17:40:24.970063 7f64a1d8e640                            Options.rate_limiter: (nil)
2021/03/15-17:40:24.970068 7f64a1d8e640     Options.sst_file_manager.rate_bytes_per_sec: 0
2021/03/15-17:40:24.970070 7f64a1d8e640                       Options.wal_recovery_mode: 2
2021/03/15-17:40:24.970072 7f64a1d8e640                  Options.enable_thread_tracking: 0
2021/03/15-17:40:24.970073 7f64a1d8e640                  Options.enable_pipelined_write: 0
2021/03/15-17:40:24.970075 7f64a1d8e640                  Options.unordered_write: 0
2021/03/15-17:40:24.970076 7f64a1d8e640         Options.allow_concurrent_memtable_write: 1
2021/03/15-17:40:24.970077 7f64a1d8e640      Options.enable_write_thread_adaptive_yield: 1
2021/03/15-17:40:24.970079 7f64a1d8e640             Options.write_thread_max_yield_usec: 100
2021/03/15-17:40:24.970080 7f64a1d8e640            Options.write_thread_slow_yield_usec: 3
2021/03/15-17:40:24.970082 7f64a1d8e640                               Options.row_cache: None
2021/03/15-17:40:24.970083 7f64a1d8e640                              Options.wal_filter: None
2021/03/15-17:40:24.970085 7f64a1d8e640             Options.avoid_flush_during_recovery: 0
2021/03/15-17:40:24.970086 7f64a1d8e640             Options.allow_ingest_behind: 0
2021/03/15-17:40:24.970087 7f64a1d8e640             Options.preserve_deletes: 0
2021/03/15-17:40:24.970089 7f64a1d8e640             Options.two_write_queues: 0
2021/03/15-17:40:24.970090 7f64a1d8e640             Options.manual_wal_flush: 0
2021/03/15-17:40:24.970091 7f64a1d8e640             Options.atomic_flush: 0
2021/03/15-17:40:24.970092 7f64a1d8e640             Options.avoid_unnecessary_blocking_io: 0
2021/03/15-17:40:24.970094 7f64a1d8e640                 Options.persist_stats_to_disk: 0
2021/03/15-17:40:24.970095 7f64a1d8e640                 Options.write_dbid_to_manifest: 0
2021/03/15-17:40:24.970096 7f64a1d8e640                 Options.log_readahead_size: 0
2021/03/15-17:40:24.970098 7f64a1d8e640                 Options.file_checksum_gen_factory: Unknown
2021/03/15-17:40:24.970099 7f64a1d8e640                 Options.best_efforts_recovery: 0
2021/03/15-17:40:24.970101 7f64a1d8e640                Options.max_bgerror_resume_count: 2147483647
2021/03/15-17:40:24.970102 7f64a1d8e640            Options.bgerror_resume_retry_interval: 1000000
2021/03/15-17:40:24.970103 7f64a1d8e640             Options.allow_data_in_errors: 0
2021/03/15-17:40:24.970105 7f64a1d8e640             Options.db_host_id: __hostname__
2021/03/15-17:40:24.970108 7f64a1d8e640             Options.max_background_jobs: 1
2021/03/15-17:40:24.970110 7f64a1d8e640             Options.max_background_compactions: -1
2021/03/15-17:40:24.970111 7f64a1d8e640             Options.max_subcompactions: 1
2021/03/15-17:40:24.970113 7f64a1d8e640             Options.avoid_flush_during_shutdown: 0
2021/03/15-17:40:24.970114 7f64a1d8e640           Options.writable_file_max_buffer_size: 1048576
2021/03/15-17:40:24.970115 7f64a1d8e640             Options.delayed_write_rate : 16777216
2021/03/15-17:40:24.970117 7f64a1d8e640             Options.max_total_wal_size: 0
2021/03/15-17:40:24.970118 7f64a1d8e640             Options.delete_obsolete_files_period_micros: 21600000000
2021/03/15-17:40:24.970119 7f64a1d8e640                   Options.stats_dump_period_sec: 600
2021/03/15-17:40:24.970121 7f64a1d8e640                 Options.stats_persist_period_sec: 600
2021/03/15-17:40:24.970122 7f64a1d8e640                 Options.stats_history_buffer_size: 1048576
2021/03/15-17:40:24.970124 7f64a1d8e640                          Options.max_open_files: 32
2021/03/15-17:40:24.970125 7f64a1d8e640                          Options.bytes_per_sync: 0
2021/03/15-17:40:24.970127 7f64a1d8e640                      Options.wal_bytes_per_sync: 0
2021/03/15-17:40:24.970128 7f64a1d8e640                   Options.strict_bytes_per_sync: 0
2021/03/15-17:40:24.970129 7f64a1d8e640       Options.compaction_readahead_size: 0
2021/03/15-17:40:24.970144 7f64a1d8e640                  Options.max_background_flushes: -1
2021/03/15-17:40:24.970146 7f64a1d8e640 Compression algorithms supported:
2021/03/15-17:40:24.970148 7f64a1d8e640 	kZSTDNotFinalCompression supported: 1
2021/03/15-17:40:24.970158 7f64a1d8e640 	kZSTD supported: 1
2021/03/15-17:40:24.970160 7f64a1d8e640 	kXpressCompression supported: 0
2021/03/15-17:40:24.970162 7f64a1d8e640 	kLZ4HCCompression supported: 1
2021/03/15-17:40:24.970164 7f64a1d8e640 	kLZ4Compression supported: 1
2021/03/15-17:40:24.970165 7f64a1d8e640 	kBZip2Compression supported: 1
2021/03/15-17:40:24.970167 7f64a1d8e640 	kZlibCompression supported: 1
2021/03/15-17:40:24.970168 7f64a1d8e640 	kSnappyCompression supported: 1
2021/03/15-17:40:24.970175 7f64a1d8e640 Fast CRC32 supported: Not supported on x86
2021/03/15-17:40:24.970352 7f64a1d8e640 [/version_set.cc:4725] Recovering from manifest file: /root/.mantis/pottery/rocksdb/MANIFEST-000048
2021/03/15-17:40:24.970655 7f64a1d8e640 [/column_family.cc:597] --------------- Options for column family [default]:
2021/03/15-17:40:24.970661 7f64a1d8e640               Options.comparator: leveldb.BytewiseComparator
2021/03/15-17:40:24.970663 7f64a1d8e640           Options.merge_operator: None
2021/03/15-17:40:24.970665 7f64a1d8e640        Options.compaction_filter: None
2021/03/15-17:40:24.970666 7f64a1d8e640        Options.compaction_filter_factory: None
2021/03/15-17:40:24.970667 7f64a1d8e640  Options.sst_partitioner_factory: None
2021/03/15-17:40:24.970669 7f64a1d8e640         Options.memtable_factory: SkipListFactory
2021/03/15-17:40:24.970671 7f64a1d8e640            Options.table_factory: BlockBasedTable
2021/03/15-17:40:24.970699 7f64a1d8e640            table_factory options:   flush_block_policy_factory: FlushBlockBySizePolicyFactory (0x7f649d1fe350)
  cache_index_and_filter_blocks: 1
  cache_index_and_filter_blocks_with_high_priority: 1
  pin_l0_filter_and_index_blocks_in_cache: 1
  pin_top_level_index_and_filter: 1
  index_type: 0
  data_block_index_type: 0
  index_shortening: 1
  data_block_hash_table_util_ratio: 0.750000
  hash_index_allow_collision: 1
  checksum: 1
  no_block_cache: 0
  block_cache: 0x7f649d20b200
  block_cache_name: LRUCache
  block_cache_options:
    capacity : 8388608
    num_shard_bits : 4
    strict_capacity_limit : 0
    memory_allocator : None
    high_pri_pool_ratio: 0.000
  block_cache_compressed: (nil)
  persistent_cache: (nil)
  block_size: 16384
  block_size_deviation: 10
  block_restart_interval: 16
  index_block_restart_interval: 1
  metadata_block_size: 4096
  partition_filters: 0
  use_delta_encoding: 1
  filter_policy: rocksdb.BuiltinBloomFilter
  whole_key_filtering: 1
  verify_compression: 0
  read_amp_bytes_per_bit: 0
  format_version: 4
  enable_index_compression: 1
  block_align: 0
2021/03/15-17:40:24.970701 7f64a1d8e640        Options.write_buffer_size: 67108864
2021/03/15-17:40:24.970703 7f64a1d8e640  Options.max_write_buffer_number: 2
2021/03/15-17:40:24.970704 7f64a1d8e640          Options.compression: LZ4
2021/03/15-17:40:24.970706 7f64a1d8e640                  Options.bottommost_compression: ZSTD
2021/03/15-17:40:24.970708 7f64a1d8e640       Options.prefix_extractor: nullptr
2021/03/15-17:40:24.970710 7f64a1d8e640   Options.memtable_insert_with_hint_prefix_extractor: nullptr
2021/03/15-17:40:24.970711 7f64a1d8e640             Options.num_levels: 7
2021/03/15-17:40:24.970712 7f64a1d8e640        Options.min_write_buffer_number_to_merge: 1
2021/03/15-17:40:24.970714 7f64a1d8e640     Options.max_write_buffer_number_to_maintain: 0
2021/03/15-17:40:24.970715 7f64a1d8e640     Options.max_write_buffer_size_to_maintain: 0
2021/03/15-17:40:24.970716 7f64a1d8e640            Options.bottommost_compression_opts.window_bits: -14
2021/03/15-17:40:24.970718 7f64a1d8e640                  Options.bottommost_compression_opts.level: 32767
2021/03/15-17:40:24.970719 7f64a1d8e640               Options.bottommost_compression_opts.strategy: 0
2021/03/15-17:40:24.970720 7f64a1d8e640         Options.bottommost_compression_opts.max_dict_bytes: 0
2021/03/15-17:40:24.970740 7f64a1d8e640         Options.bottommost_compression_opts.zstd_max_train_bytes: 0
2021/03/15-17:40:24.970743 7f64a1d8e640         Options.bottommost_compression_opts.parallel_threads: 1
2021/03/15-17:40:24.970744 7f64a1d8e640                  Options.bottommost_compression_opts.enabled: false
2021/03/15-17:40:24.970745 7f64a1d8e640            Options.compression_opts.window_bits: -14
2021/03/15-17:40:24.970746 7f64a1d8e640                  Options.compression_opts.level: 32767
2021/03/15-17:40:24.970748 7f64a1d8e640               Options.compression_opts.strategy: 0
2021/03/15-17:40:24.970749 7f64a1d8e640         Options.compression_opts.max_dict_bytes: 0
2021/03/15-17:40:24.970750 7f64a1d8e640         Options.compression_opts.zstd_max_train_bytes: 0
2021/03/15-17:40:24.970751 7f64a1d8e640         Options.compression_opts.parallel_threads: 1
2021/03/15-17:40:24.970753 7f64a1d8e640                  Options.compression_opts.enabled: false
2021/03/15-17:40:24.970754 7f64a1d8e640      Options.level0_file_num_compaction_trigger: 4
2021/03/15-17:40:24.970756 7f64a1d8e640          Options.level0_slowdown_writes_trigger: 20
2021/03/15-17:40:24.970757 7f64a1d8e640              Options.level0_stop_writes_trigger: 36
2021/03/15-17:40:24.970758 7f64a1d8e640                   Options.target_file_size_base: 67108864
2021/03/15-17:40:24.970759 7f64a1d8e640             Options.target_file_size_multiplier: 1
2021/03/15-17:40:24.970761 7f64a1d8e640                Options.max_bytes_for_level_base: 268435456
2021/03/15-17:40:24.970762 7f64a1d8e640 Options.level_compaction_dynamic_level_bytes: 1
2021/03/15-17:40:24.970763 7f64a1d8e640          Options.max_bytes_for_level_multiplier: 10.000000
2021/03/15-17:40:24.970767 7f64a1d8e640 Options.max_bytes_for_level_multiplier_addtl[0]: 1
2021/03/15-17:40:24.970769 7f64a1d8e640 Options.max_bytes_for_level_multiplier_addtl[1]: 1
2021/03/15-17:40:24.970770 7f64a1d8e640 Options.max_bytes_for_level_multiplier_addtl[2]: 1
2021/03/15-17:40:24.970772 7f64a1d8e640 Options.max_bytes_for_level_multiplier_addtl[3]: 1
2021/03/15-17:40:24.970773 7f64a1d8e640 Options.max_bytes_for_level_multiplier_addtl[4]: 1
2021/03/15-17:40:24.970774 7f64a1d8e640 Options.max_bytes_for_level_multiplier_addtl[5]: 1
2021/03/15-17:40:24.970776 7f64a1d8e640 Options.max_bytes_for_level_multiplier_addtl[6]: 1
2021/03/15-17:40:24.970777 7f64a1d8e640       Options.max_sequential_skip_in_iterations: 8
2021/03/15-17:40:24.970778 7f64a1d8e640                    Options.max_compaction_bytes: 1677721600
2021/03/15-17:40:24.970779 7f64a1d8e640                        Options.arena_block_size: 8388608
2021/03/15-17:40:24.970781 7f64a1d8e640   Options.soft_pending_compaction_bytes_limit: 68719476736
2021/03/15-17:40:24.970782 7f64a1d8e640   Options.hard_pending_compaction_bytes_limit: 274877906944
2021/03/15-17:40:24.970783 7f64a1d8e640       Options.rate_limit_delay_max_milliseconds: 100
2021/03/15-17:40:24.970785 7f64a1d8e640                Options.disable_auto_compactions: 0
2021/03/15-17:40:24.970786 7f64a1d8e640                        Options.compaction_style: kCompactionStyleLevel
2021/03/15-17:40:24.970788 7f64a1d8e640                          Options.compaction_pri: kMinOverlappingRatio
2021/03/15-17:40:24.970790 7f64a1d8e640 Options.compaction_options_universal.size_ratio: 1
2021/03/15-17:40:24.970791 7f64a1d8e640 Options.compaction_options_universal.min_merge_width: 2
2021/03/15-17:40:24.970792 7f64a1d8e640 Options.compaction_options_universal.max_merge_width: 4294967295
2021/03/15-17:40:24.970794 7f64a1d8e640 Options.compaction_options_universal.max_size_amplification_percent: 200
2021/03/15-17:40:24.970795 7f64a1d8e640 Options.compaction_options_universal.compression_size_percent: -1
2021/03/15-17:40:24.970797 7f64a1d8e640 Options.compaction_options_universal.stop_style: kCompactionStopStyleTotalSize
2021/03/15-17:40:24.970798 7f64a1d8e640 Options.compaction_options_fifo.max_table_files_size: 1073741824
2021/03/15-17:40:24.970799 7f64a1d8e640 Options.compaction_options_fifo.allow_compaction: 0
2021/03/15-17:40:24.970818 7f64a1d8e640                   Options.table_properties_collectors: 
2021/03/15-17:40:24.970820 7f64a1d8e640                   Options.inplace_update_support: 0
2021/03/15-17:40:24.970821 7f64a1d8e640                 Options.inplace_update_num_locks: 10000
2021/03/15-17:40:24.970822 7f64a1d8e640               Options.memtable_prefix_bloom_size_ratio: 0.000000
2021/03/15-17:40:24.970825 7f64a1d8e640               Options.memtable_whole_key_filtering: 0
2021/03/15-17:40:24.970826 7f64a1d8e640   Options.memtable_huge_page_size: 0
2021/03/15-17:40:24.970827 7f64a1d8e640                           Options.bloom_locality: 0
2021/03/15-17:40:24.970829 7f64a1d8e640                    Options.max_successive_merges: 0
2021/03/15-17:40:24.970830 7f64a1d8e640                Options.optimize_filters_for_hits: 0
2021/03/15-17:40:24.970831 7f64a1d8e640                Options.paranoid_file_checks: 0
2021/03/15-17:40:24.970833 7f64a1d8e640                Options.force_consistency_checks: 1
2021/03/15-17:40:24.970834 7f64a1d8e640                Options.report_bg_io_stats: 0
2021/03/15-17:40:24.970836 7f64a1d8e640                               Options.ttl: 2592000
2021/03/15-17:40:24.970837 7f64a1d8e640          Options.periodic_compaction_seconds: 0
2021/03/15-17:40:24.970839 7f64a1d8e640                    Options.enable_blob_files: false
2021/03/15-17:40:24.970840 7f64a1d8e640                        Options.min_blob_size: 0
2021/03/15-17:40:24.970842 7f64a1d8e640                       Options.blob_file_size: 268435456
2021/03/15-17:40:24.970844 7f64a1d8e640                Options.blob_compression_type: NoCompression
2021/03/15-17:40:24.970846 7f64a1d8e640       Options.enable_blob_garbage_collection: false
2021/03/15-17:40:24.970847 7f64a1d8e640   Options.blob_garbage_collection_age_cutoff: 0.250000
2021/03/15-17:40:24.971003 7f64a1d8e640 [/column_family.cc:597] --------------- Options for column family [r]:
2021/03/15-17:40:24.971007 7f64a1d8e640               Options.comparator: leveldb.BytewiseComparator
2021/03/15-17:40:24.971009 7f64a1d8e640           Options.merge_operator: None
2021/03/15-17:40:24.971010 7f64a1d8e640        Options.compaction_filter: None
2021/03/15-17:40:24.971011 7f64a1d8e640        Options.compaction_filter_factory: None
2021/03/15-17:40:24.971013 7f64a1d8e640  Options.sst_partitioner_factory: None
2021/03/15-17:40:24.971014 7f64a1d8e640         Options.memtable_factory: SkipListFactory
2021/03/15-17:40:24.971015 7f64a1d8e640            Options.table_factory: BlockBasedTable
2021/03/15-17:40:24.971039 7f64a1d8e640            table_factory options:   flush_block_policy_factory: FlushBlockBySizePolicyFactory (0x7f649d1fe350)
  cache_index_and_filter_blocks: 1
  cache_index_and_filter_blocks_with_high_priority: 1
  pin_l0_filter_and_index_blocks_in_cache: 1
  pin_top_level_index_and_filter: 1
  index_type: 0
  data_block_index_type: 0
  index_shortening: 1
  data_block_hash_table_util_ratio: 0.750000
  hash_index_allow_collision: 1
  checksum: 1
  no_block_cache: 0
  block_cache: 0x7f649d20b200
  block_cache_name: LRUCache
  block_cache_options:
    capacity : 8388608
    num_shard_bits : 4
    strict_capacity_limit : 0
    memory_allocator : None
    high_pri_pool_ratio: 0.000
  block_cache_compressed: (nil)
  persistent_cache: (nil)
  block_size: 16384
  block_size_deviation: 10
  block_restart_interval: 16
  index_block_restart_interval: 1
  metadata_block_size: 4096
  partition_filters: 0
  use_delta_encoding: 1
  filter_policy: rocksdb.BuiltinBloomFilter
  whole_key_filtering: 1
  verify_compression: 0
  read_amp_bytes_per_bit: 0
  format_version: 4
  enable_index_compression: 1
  block_align: 0
2021/03/15-17:40:24.971042 7f64a1d8e640        Options.write_buffer_size: 67108864
2021/03/15-17:40:24.971043 7f64a1d8e640  Options.max_write_buffer_number: 2
2021/03/15-17:40:24.971045 7f64a1d8e640          Options.compression: LZ4
2021/03/15-17:40:24.971047 7f64a1d8e640                  Options.bottommost_compression: ZSTD
2021/03/15-17:40:24.971049 7f64a1d8e640       Options.prefix_extractor: nullptr
2021/03/15-17:40:24.971066 7f64a1d8e640   Options.memtable_insert_with_hint_prefix_extractor: nullptr
2021/03/15-17:40:24.971068 7f64a1d8e640             Options.num_levels: 7
2021/03/15-17:40:24.971069 7f64a1d8e640        Options.min_write_buffer_number_to_merge: 1
2021/03/15-17:40:24.971070 7f64a1d8e640     Options.max_write_buffer_number_to_maintain: 0
2021/03/15-17:40:24.971071 7f64a1d8e640     Options.max_write_buffer_size_to_maintain: 0
2021/03/15-17:40:24.971073 7f64a1d8e640            Options.bottommost_compression_opts.window_bits: -14
2021/03/15-17:40:24.971074 7f64a1d8e640                  Options.bottommost_compression_opts.level: 32767
2021/03/15-17:40:24.971075 7f64a1d8e640               Options.bottommost_compression_opts.strategy: 0
2021/03/15-17:40:24.971076 7f64a1d8e640         Options.bottommost_compression_opts.max_dict_bytes: 0
2021/03/15-17:40:24.971078 7f64a1d8e640         Options.bottommost_compression_opts.zstd_max_train_bytes: 0
2021/03/15-17:40:24.971079 7f64a1d8e640         Options.bottommost_compression_opts.parallel_threads: 1
2021/03/15-17:40:24.971080 7f64a1d8e640                  Options.bottommost_compression_opts.enabled: false
2021/03/15-17:40:24.971081 7f64a1d8e640            Options.compression_opts.window_bits: -14
2021/03/15-17:40:24.971082 7f64a1d8e640                  Options.compression_opts.level: 32767
2021/03/15-17:40:24.971084 7f64a1d8e640               Options.compression_opts.strategy: 0
2021/03/15-17:40:24.971085 7f64a1d8e640         Options.compression_opts.max_dict_bytes: 0
2021/03/15-17:40:24.971086 7f64a1d8e640         Options.compression_opts.zstd_max_train_bytes: 0
2021/03/15-17:40:24.971087 7f64a1d8e640         Options.compression_opts.parallel_threads: 1
2021/03/15-17:40:24.971088 7f64a1d8e640                  Options.compression_opts.enabled: false
2021/03/15-17:40:24.971090 7f64a1d8e640      Options.level0_file_num_compaction_trigger: 4
2021/03/15-17:40:24.971091 7f64a1d8e640          Options.level0_slowdown_writes_trigger: 20
2021/03/15-17:40:24.971092 7f64a1d8e640              Options.level0_stop_writes_trigger: 36
2021/03/15-17:40:24.971094 7f64a1d8e640                   Options.target_file_size_base: 67108864
2021/03/15-17:40:24.971095 7f64a1d8e640             Options.target_file_size_multiplier: 1
2021/03/15-17:40:24.971096 7f64a1d8e640                Options.max_bytes_for_level_base: 268435456
2021/03/15-17:40:24.971097 7f64a1d8e640 Options.level_compaction_dynamic_level_bytes: 1
2021/03/15-17:40:24.971099 7f64a1d8e640          Options.max_bytes_for_level_multiplier: 10.000000
2021/03/15-17:40:24.971102 7f64a1d8e640 Options.max_bytes_for_level_multiplier_addtl[0]: 1
2021/03/15-17:40:24.971104 7f64a1d8e640 Options.max_bytes_for_level_multiplier_addtl[1]: 1
2021/03/15-17:40:24.971105 7f64a1d8e640 Options.max_bytes_for_level_multiplier_addtl[2]: 1
2021/03/15-17:40:24.971107 7f64a1d8e640 Options.max_bytes_for_level_multiplier_addtl[3]: 1
2021/03/15-17:40:24.971108 7f64a1d8e640 Options.max_bytes_for_level_multiplier_addtl[4]: 1
2021/03/15-17:40:24.971110 7f64a1d8e640 Options.max_bytes_for_level_multiplier_addtl[5]: 1
2021/03/15-17:40:24.971111 7f64a1d8e640 Options.max_bytes_for_level_multiplier_addtl[6]: 1
2021/03/15-17:40:24.971113 7f64a1d8e640       Options.max_sequential_skip_in_iterations: 8
2021/03/15-17:40:24.971114 7f64a1d8e640                    Options.max_compaction_bytes: 1677721600
2021/03/15-17:40:24.971115 7f64a1d8e640                        Options.arena_block_size: 8388608
2021/03/15-17:40:24.971117 7f64a1d8e640   Options.soft_pending_compaction_bytes_limit: 68719476736
2021/03/15-17:40:24.971118 7f64a1d8e640   Options.hard_pending_compaction_bytes_limit: 274877906944
2021/03/15-17:40:24.971119 7f64a1d8e640       Options.rate_limit_delay_max_milliseconds: 100
2021/03/15-17:40:24.971121 7f64a1d8e640                Options.disable_auto_compactions: 0
2021/03/15-17:40:24.971123 7f64a1d8e640                        Options.compaction_style: kCompactionStyleLevel
2021/03/15-17:40:24.971125 7f64a1d8e640                          Options.compaction_pri: kMinOverlappingRatio
2021/03/15-17:40:24.971138 7f64a1d8e640 Options.compaction_options_universal.size_ratio: 1
2021/03/15-17:40:24.971141 7f64a1d8e640 Options.compaction_options_universal.min_merge_width: 2
2021/03/15-17:40:24.971142 7f64a1d8e640 Options.compaction_options_universal.max_merge_width: 4294967295
2021/03/15-17:40:24.971144 7f64a1d8e640 Options.compaction_options_universal.max_size_amplification_percent: 200
2021/03/15-17:40:24.971146 7f64a1d8e640 Options.compaction_options_universal.compression_size_percent: -1
2021/03/15-17:40:24.971147 7f64a1d8e640 Options.compaction_options_universal.stop_style: kCompactionStopStyleTotalSize
2021/03/15-17:40:24.971149 7f64a1d8e640 Options.compaction_options_fifo.max_table_files_size: 1073741824
2021/03/15-17:40:24.971151 7f64a1d8e640 Options.compaction_options_fifo.allow_compaction: 0
2021/03/15-17:40:24.971157 7f64a1d8e640                   Options.table_properties_collectors: 
2021/03/15-17:40:24.971159 7f64a1d8e640                   Options.inplace_update_support: 0
2021/03/15-17:40:24.971160 7f64a1d8e640                 Options.inplace_update_num_locks: 10000
2021/03/15-17:40:24.971162 7f64a1d8e640               Options.memtable_prefix_bloom_size_ratio: 0.000000
2021/03/15-17:40:24.971164 7f64a1d8e640               Options.memtable_whole_key_filtering: 0
2021/03/15-17:40:24.971166 7f64a1d8e640   Options.memtable_huge_page_size: 0
2021/03/15-17:40:24.971167 7f64a1d8e640                           Options.bloom_locality: 0
2021/03/15-17:40:24.971168 7f64a1d8e640                    Options.max_successive_merges: 0
2021/03/15-17:40:24.971170 7f64a1d8e640                Options.optimize_filters_for_hits: 0
2021/03/15-17:40:24.971171 7f64a1d8e640                Options.paranoid_file_checks: 0
2021/03/15-17:40:24.971172 7f64a1d8e640                Options.force_consistency_checks: 1
2021/03/15-17:40:24.971174 7f64a1d8e640                Options.report_bg_io_stats: 0
2021/03/15-17:40:24.971175 7f64a1d8e640                               Options.ttl: 2592000
2021/03/15-17:40:24.971176 7f64a1d8e640          Options.periodic_compaction_seconds: 0
2021/03/15-17:40:24.971178 7f64a1d8e640                    Options.enable_blob_files: false
2021/03/15-17:40:24.971179 7f64a1d8e640                        Options.min_blob_size: 0
2021/03/15-17:40:24.971181 7f64a1d8e640                       Options.blob_file_size: 268435456
2021/03/15-17:40:24.971182 7f64a1d8e640                Options.blob_compression_type: NoCompression
2021/03/15-17:40:24.971184 7f64a1d8e640       Options.enable_blob_garbage_collection: false
2021/03/15-17:40:24.971186 7f64a1d8e640   Options.blob_garbage_collection_age_cutoff: 0.250000
2021/03/15-17:40:24.971253 7f64a1d8e640 [/column_family.cc:597] --------------- Options for column family [h]:
2021/03/15-17:40:24.971257 7f64a1d8e640               Options.comparator: leveldb.BytewiseComparator
2021/03/15-17:40:24.971258 7f64a1d8e640           Options.merge_operator: None
2021/03/15-17:40:24.971260 7f64a1d8e640        Options.compaction_filter: None
2021/03/15-17:40:24.971262 7f64a1d8e640        Options.compaction_filter_factory: None
2021/03/15-17:40:24.971263 7f64a1d8e640  Options.sst_partitioner_factory: None
2021/03/15-17:40:24.971265 7f64a1d8e640         Options.memtable_factory: SkipListFactory
2021/03/15-17:40:24.971267 7f64a1d8e640            Options.table_factory: BlockBasedTable
2021/03/15-17:40:24.971293 7f64a1d8e640            table_factory options:   flush_block_policy_factory: FlushBlockBySizePolicyFactory (0x7f649d1fe350)
  cache_index_and_filter_blocks: 1
  cache_index_and_filter_blocks_with_high_priority: 1
  pin_l0_filter_and_index_blocks_in_cache: 1
  pin_top_level_index_and_filter: 1
  index_type: 0
  data_block_index_type: 0
  index_shortening: 1
  data_block_hash_table_util_ratio: 0.750000
  hash_index_allow_collision: 1
  checksum: 1
  no_block_cache: 0
  block_cache: 0x7f649d20b200
  block_cache_name: LRUCache
  block_cache_options:
    capacity : 8388608
    num_shard_bits : 4
    strict_capacity_limit : 0
    memory_allocator : None
    high_pri_pool_ratio: 0.000
  block_cache_compressed: (nil)
  persistent_cache: (nil)
  block_size: 16384
  block_size_deviation: 10
  block_restart_interval: 16
  index_block_restart_interval: 1
  metadata_block_size: 4096
  partition_filters: 0
  use_delta_encoding: 1
  filter_policy: rocksdb.BuiltinBloomFilter
  whole_key_filtering: 1
  verify_compression: 0
  read_amp_bytes_per_bit: 0
  format_version: 4
  enable_index_compression: 1
  block_align: 0
2021/03/15-17:40:24.971309 7f64a1d8e640        Options.write_buffer_size: 67108864
2021/03/15-17:40:24.971312 7f64a1d8e640  Options.max_write_buffer_number: 2
2021/03/15-17:40:24.971314 7f64a1d8e640          Options.compression: LZ4
2021/03/15-17:40:24.971317 7f64a1d8e640                  Options.bottommost_compression: ZSTD
2021/03/15-17:40:24.971318 7f64a1d8e640       Options.prefix_extractor: nullptr
2021/03/15-17:40:24.971320 7f64a1d8e640   Options.memtable_insert_with_hint_prefix_extractor: nullptr
2021/03/15-17:40:24.971322 7f64a1d8e640             Options.num_levels: 7
2021/03/15-17:40:24.971323 7f64a1d8e640        Options.min_write_buffer_number_to_merge: 1
2021/03/15-17:40:24.971325 7f64a1d8e640     Options.max_write_buffer_number_to_maintain: 0
2021/03/15-17:40:24.971326 7f64a1d8e640     Options.max_write_buffer_size_to_maintain: 0
2021/03/15-17:40:24.971328 7f64a1d8e640            Options.bottommost_compression_opts.window_bits: -14
2021/03/15-17:40:24.971329 7f64a1d8e640                  Options.bottommost_compression_opts.level: 32767
2021/03/15-17:40:24.971331 7f64a1d8e640               Options.bottommost_compression_opts.strategy: 0
2021/03/15-17:40:24.971332 7f64a1d8e640         Options.bottommost_compression_opts.max_dict_bytes: 0
2021/03/15-17:40:24.971334 7f64a1d8e640         Options.bottommost_compression_opts.zstd_max_train_bytes: 0
2021/03/15-17:40:24.971336 7f64a1d8e640         Options.bottommost_compression_opts.parallel_threads: 1
2021/03/15-17:40:24.971337 7f64a1d8e640                  Options.bottommost_compression_opts.enabled: false
2021/03/15-17:40:24.971339 7f64a1d8e640            Options.compression_opts.window_bits: -14
2021/03/15-17:40:24.971340 7f64a1d8e640                  Options.compression_opts.level: 32767
2021/03/15-17:40:24.971342 7f64a1d8e640               Options.compression_opts.strategy: 0
2021/03/15-17:40:24.971343 7f64a1d8e640         Options.compression_opts.max_dict_bytes: 0
2021/03/15-17:40:24.971345 7f64a1d8e640         Options.compression_opts.zstd_max_train_bytes: 0
2021/03/15-17:40:24.971346 7f64a1d8e640         Options.compression_opts.parallel_threads: 1
2021/03/15-17:40:24.971347 7f64a1d8e640                  Options.compression_opts.enabled: false
2021/03/15-17:40:24.971349 7f64a1d8e640      Options.level0_file_num_compaction_trigger: 4
2021/03/15-17:40:24.971351 7f64a1d8e640          Options.level0_slowdown_writes_trigger: 20
2021/03/15-17:40:24.971352 7f64a1d8e640              Options.level0_stop_writes_trigger: 36
2021/03/15-17:40:24.971354 7f64a1d8e640                   Options.target_file_size_base: 67108864
2021/03/15-17:40:24.971355 7f64a1d8e640             Options.target_file_size_multiplier: 1
2021/03/15-17:40:24.971357 7f64a1d8e640                Options.max_bytes_for_level_base: 268435456
2021/03/15-17:40:24.971358 7f64a1d8e640 Options.level_compaction_dynamic_level_bytes: 1
2021/03/15-17:40:24.971360 7f64a1d8e640          Options.max_bytes_for_level_multiplier: 10.000000
2021/03/15-17:40:24.971363 7f64a1d8e640 Options.max_bytes_for_level_multiplier_addtl[0]: 1
2021/03/15-17:40:24.971364 7f64a1d8e640 Options.max_bytes_for_level_multiplier_addtl[1]: 1
2021/03/15-17:40:24.971366 7f64a1d8e640 Options.max_bytes_for_level_multiplier_addtl[2]: 1
2021/03/15-17:40:24.971368 7f64a1d8e640 Options.max_bytes_for_level_multiplier_addtl[3]: 1
2021/03/15-17:40:24.971369 7f64a1d8e640 Options.max_bytes_for_level_multiplier_addtl[4]: 1
2021/03/15-17:40:24.971370 7f64a1d8e640 Options.max_bytes_for_level_multiplier_addtl[5]: 1
2021/03/15-17:40:24.971372 7f64a1d8e640 Options.max_bytes_for_level_multiplier_addtl[6]: 1
2021/03/15-17:40:24.971402 7f64a1d8e640       Options.max_sequential_skip_in_iterations: 8
2021/03/15-17:40:24.971405 7f64a1d8e640                    Options.max_compaction_bytes: 1677721600
2021/03/15-17:40:24.971407 7f64a1d8e640                        Options.arena_block_size: 8388608
2021/03/15-17:40:24.971408 7f64a1d8e640   Options.soft_pending_compaction_bytes_limit: 68719476736
2021/03/15-17:40:24.971409 7f64a1d8e640   Options.hard_pending_compaction_bytes_limit: 274877906944
2021/03/15-17:40:24.971410 7f64a1d8e640       Options.rate_limit_delay_max_milliseconds: 100
2021/03/15-17:40:24.971412 7f64a1d8e640                Options.disable_auto_compactions: 0
2021/03/15-17:40:24.971414 7f64a1d8e640                        Options.compaction_style: kCompactionStyleLevel
2021/03/15-17:40:24.971415 7f64a1d8e640                          Options.compaction_pri: kMinOverlappingRatio
2021/03/15-17:40:24.971416 7f64a1d8e640 Options.compaction_options_universal.size_ratio: 1
2021/03/15-17:40:24.971417 7f64a1d8e640 Options.compaction_options_universal.min_merge_width: 2
2021/03/15-17:40:24.971419 7f64a1d8e640 Options.compaction_options_universal.max_merge_width: 4294967295
2021/03/15-17:40:24.971420 7f64a1d8e640 Options.compaction_options_universal.max_size_amplification_percent: 200
2021/03/15-17:40:24.971421 7f64a1d8e640 Options.compaction_options_universal.compression_size_percent: -1
2021/03/15-17:40:24.971423 7f64a1d8e640 Options.compaction_options_universal.stop_style: kCompactionStopStyleTotalSize
2021/03/15-17:40:24.971424 7f64a1d8e640 Options.compaction_options_fifo.max_table_files_size: 1073741824
2021/03/15-17:40:24.971425 7f64a1d8e640 Options.compaction_options_fifo.allow_compaction: 0
2021/03/15-17:40:24.971430 7f64a1d8e640                   Options.table_properties_collectors: 
2021/03/15-17:40:24.971432 7f64a1d8e640                   Options.inplace_update_support: 0
2021/03/15-17:40:24.971433 7f64a1d8e640                 Options.inplace_update_num_locks: 10000
2021/03/15-17:40:24.971435 7f64a1d8e640               Options.memtable_prefix_bloom_size_ratio: 0.000000
2021/03/15-17:40:24.971437 7f64a1d8e640               Options.memtable_whole_key_filtering: 0
2021/03/15-17:40:24.971438 7f64a1d8e640   Options.memtable_huge_page_size: 0
2021/03/15-17:40:24.971440 7f64a1d8e640                           Options.bloom_locality: 0
2021/03/15-17:40:24.971441 7f64a1d8e640                    Options.max_successive_merges: 0
2021/03/15-17:40:24.971442 7f64a1d8e640                Options.optimize_filters_for_hits: 0
2021/03/15-17:40:24.971444 7f64a1d8e640                Options.paranoid_file_checks: 0
2021/03/15-17:40:24.971445 7f64a1d8e640                Options.force_consistency_checks: 1
2021/03/15-17:40:24.971446 7f64a1d8e640                Options.report_bg_io_stats: 0
2021/03/15-17:40:24.971447 7f64a1d8e640                               Options.ttl: 2592000
2021/03/15-17:40:24.971449 7f64a1d8e640          Options.periodic_compaction_seconds: 0
2021/03/15-17:40:24.971450 7f64a1d8e640                    Options.enable_blob_files: false
2021/03/15-17:40:24.971452 7f64a1d8e640                        Options.min_blob_size: 0
2021/03/15-17:40:24.971453 7f64a1d8e640                       Options.blob_file_size: 268435456
2021/03/15-17:40:24.971455 7f64a1d8e640                Options.blob_compression_type: NoCompression
2021/03/15-17:40:24.971456 7f64a1d8e640       Options.enable_blob_garbage_collection: false
2021/03/15-17:40:24.971458 7f64a1d8e640   Options.blob_garbage_collection_age_cutoff: 0.250000
2021/03/15-17:40:24.971506 7f64a1d8e640 [/column_family.cc:597] --------------- Options for column family [b]:
2021/03/15-17:40:24.971509 7f64a1d8e640               Options.comparator: leveldb.BytewiseComparator
2021/03/15-17:40:24.971511 7f64a1d8e640           Options.merge_operator: None
2021/03/15-17:40:24.971513 7f64a1d8e640        Options.compaction_filter: None
2021/03/15-17:40:24.971514 7f64a1d8e640        Options.compaction_filter_factory: None
2021/03/15-17:40:24.971515 7f64a1d8e640  Options.sst_partitioner_factory: None
2021/03/15-17:40:24.971534 7f64a1d8e640         Options.memtable_factory: SkipListFactory
2021/03/15-17:40:24.971536 7f64a1d8e640            Options.table_factory: BlockBasedTable
2021/03/15-17:40:24.971563 7f64a1d8e640            table_factory options:   flush_block_policy_factory: FlushBlockBySizePolicyFactory (0x7f649d1fe350)
  cache_index_and_filter_blocks: 1
  cache_index_and_filter_blocks_with_high_priority: 1
  pin_l0_filter_and_index_blocks_in_cache: 1
  pin_top_level_index_and_filter: 1
  index_type: 0
  data_block_index_type: 0
  index_shortening: 1
  data_block_hash_table_util_ratio: 0.750000
  hash_index_allow_collision: 1
  checksum: 1
  no_block_cache: 0
  block_cache: 0x7f649d20b200
  block_cache_name: LRUCache
  block_cache_options:
    capacity : 8388608
    num_shard_bits : 4
    strict_capacity_limit : 0
    memory_allocator : None
    high_pri_pool_ratio: 0.000
  block_cache_compressed: (nil)
  persistent_cache: (nil)
  block_size: 16384
  block_size_deviation: 10
  block_restart_interval: 16
  index_block_restart_interval: 1
  metadata_block_size: 4096
  partition_filters: 0
  use_delta_encoding: 1
  filter_policy: rocksdb.BuiltinBloomFilter
  whole_key_filtering: 1
  verify_compression: 0
  read_amp_bytes_per_bit: 0
  format_version: 4
  enable_index_compression: 1
  block_align: 0
2021/03/15-17:40:24.971565 7f64a1d8e640        Options.write_buffer_size: 67108864
2021/03/15-17:40:24.971567 7f64a1d8e640  Options.max_write_buffer_number: 2
2021/03/15-17:40:24.971569 7f64a1d8e640          Options.compression: LZ4
2021/03/15-17:40:24.971571 7f64a1d8e640                  Options.bottommost_compression: ZSTD
2021/03/15-17:40:24.971573 7f64a1d8e640       Options.prefix_extractor: nullptr
2021/03/15-17:40:24.971574 7f64a1d8e640   Options.memtable_insert_with_hint_prefix_extractor: nullptr
2021/03/15-17:40:24.971576 7f64a1d8e640             Options.num_levels: 7
2021/03/15-17:40:24.971577 7f64a1d8e640        Options.min_write_buffer_number_to_merge: 1
2021/03/15-17:40:24.971579 7f64a1d8e640     Options.max_write_buffer_number_to_maintain: 0
2021/03/15-17:40:24.971580 7f64a1d8e640     Options.max_write_buffer_size_to_maintain: 0
2021/03/15-17:40:24.971581 7f64a1d8e640            Options.bottommost_compression_opts.window_bits: -14
2021/03/15-17:40:24.971583 7f64a1d8e640                  Options.bottommost_compression_opts.level: 32767
2021/03/15-17:40:24.971585 7f64a1d8e640               Options.bottommost_compression_opts.strategy: 0
2021/03/15-17:40:24.971586 7f64a1d8e640         Options.bottommost_compression_opts.max_dict_bytes: 0
2021/03/15-17:40:24.971587 7f64a1d8e640         Options.bottommost_compression_opts.zstd_max_train_bytes: 0
2021/03/15-17:40:24.971588 7f64a1d8e640         Options.bottommost_compression_opts.parallel_threads: 1
2021/03/15-17:40:24.971590 7f64a1d8e640                  Options.bottommost_compression_opts.enabled: false
2021/03/15-17:40:24.971591 7f64a1d8e640            Options.compression_opts.window_bits: -14
